num_workers	trial	runtime
1	1	17825.7750082
1	2	18563.800014
1	3	14046.2878828
1	4	3.61865496635
1	5	3.50038313866
1	6	3.47548604012
1	7	3.39564800262
1	8	3.3455350399
1	9	3.35297393799
1	10	3.33952498436
2	1	3.79070496559
2	2	3.78900814056
2	3	3.77300405502
2	4	3.79670810699
2	5	3.71917891502
2	6	3.75638890266
2	7	3.72435283661
2	8	3.76899600029
2	9	3.79429793358
2	10	3.72688984871
3	1	4.129529953
3	2	4.23343110085
3	3	4.05804085732
3	4	4.21732497215
3	5	4.21527600288
3	6	4.25681090355
3	7	4.20062994957
3	8	4.26104402542
3	9	4.19425606728
3	10	4.20348405838
4	1	4.50706791878
4	2	4.55033421516
4	3	4.64504003525
4	4	4.57167601585
4	5	4.67853808403
4	6	4.55709791183
4	7	4.55165910721
4	8	4.54068112373
4	9	4.59756207466
4	10	4.49305701256
5	1	4.9740691185
5	2	4.9937980175
5	3	5.001308918
5	4	4.99204397202
5	5	5.03776311874
5	6	4.97970700264
5	7	5.00217914581
5	8	4.97708010674
5	9	4.94493198395
5	10	5.07853102684
6	1	5.34252405167
6	2	5.32538509369
6	3	5.33439588547
6	4	5.4046459198
6	5	5.38292098045
6	6	5.36788392067
6	7	5.38952994347
6	8	5.31109809875
6	9	5.40023398399
6	10	5.3811788559
7	1	5.6119658947
7	2	5.76608800888
7	3	5.58442401886
7	4	5.77775287628
7	5	5.84906888008
7	6	5.70768094063
7	7	5.67030596733
7	8	5.62616801262
7	9	5.84578108788
7	10	5.7166018486
8	1	6.13454794884
8	2	6.10193896294
8	3	6.05725002289
8	4	6.11368894577
8	5	6.17697715759
8	6	6.15344500542
8	7	6.14527797699
8	8	6.14588403702
8	9	6.19632482529
8	10	6.06221389771
9	1	6.55556201935
9	2	6.26008486748
9	3	6.3977458477
9	4	6.56355595589
9	5	6.23979401588
9	6	6.48118901253
9	7	6.50407910347
9	8	6.40653991699
9	9	6.53310585022
9	10	6.45793199539
10	1	6.95736002922
10	2	6.91884708405
10	3	6.74655604362
10	4	6.8818860054
10	5	6.90287995338
10	6	6.89262008667
10	7	6.87551808357
10	8	6.84571290016
10	9	6.54717898369
10	10	6.67802500725
11	1	6.93108201027
11	2	7.04374098778
11	3	7.28933787346
11	4	7.3274371624
11	5	7.28816103935
11	6	7.20202708244
11	7	7.39218211174
11	8	7.25977087021
11	9	7.3826777935
11	10	7.29474306107
12	1	7.74512314796
12	2	7.72586393356
12	3	7.63676714897
12	4	7.73761677742
12	5	7.76729607582
12	6	7.80833101273
12	7	7.50224494934
12	8	7.54368686676
12	9	7.6690621376
12	10	7.68809604645
13	1	8.07030105591
13	2	7.96272706985
13	3	8.0250620842
13	4	8.0545539856
13	5	8.23526310921
13	6	7.87011408806
13	7	8.10939598083
13	8	8.06773591042
13	9	7.99784588814
13	10	8.01159286499
14	1	8.31588792801
14	2	8.35442495346
14	3	8.59177112579
14	4	8.52931189537
14	5	8.46445298195
14	6	8.62146687508
14	7	8.34592294693
14	8	8.53033995628
14	9	8.52901697159
14	10	8.33758187294
15	1	8.77903819084
15	2	8.8625600338
15	3	8.84779000282
15	4	8.74814605713
15	5	9.07399988174
15	6	8.59901690483
15	7	8.81180095673
15	8	8.94342398643
15	9	8.86052417755
15	10	8.88666892052
16	1	9.20199680328
16	2	9.45446109772
16	3	9.16591215134
16	4	9.51581001282
16	5	9.31326198578
16	6	9.10026216507
16	7	9.27474880219
16	8	9.17820215225
16	9	9.32430291176
16	10	9.32018399239
17	1	9.68577408791
17	2	9.73776292801
17	3	9.70231103897
17	4	9.80861902237
17	5	9.5998249054
17	6	9.77686786652
17	7	9.93355607986
17	8	9.95144987106
17	9	9.4887149334
17	10	9.9056019783
18	1	9.86275815964
18	2	10.0964331627
18	3	10.3713088036
18	4	10.2158420086
18	5	10.0600178242
18	6	9.96577382088
18	7	10.0632710457
18	8	10.2025160789
18	9	10.185354948
18	10	10.2140069008
19	1	10.5717768669
19	2	10.7862381935
19	3	10.5793199539
19	4	10.7033071518
19	5	10.7331619263
19	6	10.6180040836
19	7	10.5739281178
19	8	10.6451020241
19	9	10.7317428589
19	10	10.5454678535
20	1	11.1375200748
20	2	11.1093699932
20	3	11.0609781742
20	4	10.8917500973
20	5	11.1604540348
20	6	11.1348671913
20	7	10.6166799068
20	8	11.1347768307
20	9	11.1081769466
20	10	10.8710169792
21	1	11.4201040268
21	2	10.8638899326
21	3	11.4924559593
21	4	10.8776071072
21	5	11.1771991253
21	6	11.6079909801
21	7	11.3169078827
21	8	11.1596000195
21	9	11.6584141254
21	10	11.5553450584
22	1	11.9247050285
22	2	11.7253139019
22	3	12.0237400532
22	4	12.0293028355
22	5	11.6500799656
22	6	11.5131111145
22	7	11.9609539509
22	8	11.9196619987
22	9	11.7793829441
22	10	11.9762020111
23	1	12.3263709545
23	2	12.5240797997
23	3	12.3728539944
23	4	12.2319841385
23	5	12.1125750542
23	6	12.2091629505
23	7	12.4908978939
23	8	12.3004260063
23	9	12.6277399063
23	10	12.5056819916
24	1	13.0539801121
24	2	12.6643540859
24	3	12.7192339897
24	4	12.7016060352
24	5	12.9668889046
24	6	12.638572216
24	7	12.9409301281
24	8	12.975484848
24	9	12.9850399494
24	10	12.9522800446
25	1	13.3313500881
25	2	13.2840590477
25	3	13.1571979523
25	4	13.494726181
25	5	13.3768250942
25	6	13.2682271004
25	7	13.1905920506
25	8	13.3921658993
25	9	12.8701491356
25	10	13.4960119724
26	1	13.6913499832
26	2	13.5138149261
26	3	13.7923979759
26	4	13.7751379013
26	5	13.8800969124
26	6	13.7003490925
26	7	13.828881979
26	8	13.4923930168
26	9	13.8021080494
26	10	13.6813530922
27	1	14.3406860828
27	2	14.0518641472
27	3	14.291467905
27	4	13.9354929924
27	5	14.1287071705
27	6	14.2979011536
27	7	14.1895298958
27	8	13.7407360077
27	9	14.1562020779
27	10	14.3705751896
28	1	14.5226690769
28	2	14.8235211372
28	3	14.9334700108
28	4	14.5010051727
28	5	13.7559468746
28	6	14.1441259384
28	7	14.3239700794
28	8	14.5318131447
28	9	14.5483570099
28	10	14.8820950985
29	1	15.3537240028
29	2	15.2485949993
29	3	15.5141890049
29	4	15.3066430092
29	5	15.1099669933
29	6	15.0706751347
29	7	15.4970600605
29	8	15.1458230019
29	9	14.8978421688
29	10	15.1902639866
30	1	15.7337870598
30	2	15.7481129169
30	3	15.7318990231
30	4	15.4373779297
30	5	15.6898479462
30	6	15.6936500072
30	7	15.7590529919
30	8	15.7397341728
30	9	15.499475956
30	10	15.72082901