trial	chips_added_at_a_time	execution_time	edges	levels	diameter	ASPL	power	frequency	tempurature	picked_by	overlap	numchips	candidates
1	1	15.9300768375	18	2	5	2.56043956044	56.7207	3600.0	62.8	power	0.2	14	14
2	1	15.6911840439	18	2	5	2.56043956044	56.7207	3600.0	62.8	power	0.2	14	14
3	1	15.6261529922	18	2	5	2.56043956044	56.7207	3600.0	62.8	power	0.2	14	14
4	1	15.7585711479	18	2	5	2.56043956044	56.7207	3600.0	62.8	power	0.2	14	14
5	1	15.884114027	18	2	5	2.56043956044	56.7207	3600.0	62.8	power	0.2	14	14
6	1	15.8158359528	18	2	5	2.56043956044	56.7207	3600.0	62.8	power	0.2	14	14
7	1	15.5280809402	18	2	5	2.56043956044	56.7207	3600.0	62.8	power	0.2	14	14
8	1	15.7250659466	18	2	5	2.56043956044	56.7207	3600.0	62.8	power	0.2	14	14
9	1	15.6809239388	18	2	5	2.56043956044	56.7207	3600.0	62.8	power	0.2	14	14
10	1	15.6221449375	18	2	5	2.56043956044	56.7207	3600.0	62.8	power	0.2	14	14
1	1	15.7224609852	20	2	5	2.64761904762	56.7207	3600.0	65.64	power	0.2	15	14
2	1	15.7240579128	20	2	5	2.64761904762	56.7207	3600.0	65.64	power	0.2	15	14
3	1	15.7905619144	20	2	5	2.64761904762	56.7207	3600.0	65.64	power	0.2	15	14
4	1	15.7095000744	20	2	5	2.64761904762	56.7207	3600.0	65.64	power	0.2	15	14
5	1	15.835973978	20	2	5	2.64761904762	56.7207	3600.0	65.64	power	0.2	15	14
6	1	15.7943170071	20	2	5	2.64761904762	56.7207	3600.0	65.64	power	0.2	15	14
7	1	15.8701031208	20	2	5	2.64761904762	56.7207	3600.0	65.64	power	0.2	15	14
8	1	15.6558129787	20	2	5	2.64761904762	56.7207	3600.0	65.64	power	0.2	15	14
9	1	15.877063036	20	2	5	2.64761904762	56.7207	3600.0	65.64	power	0.2	15	14
10	1	15.8739290237	20	2	5	2.64761904762	56.7207	3600.0	65.64	power	0.2	15	14
1	1	15.9233500957	22	2	6	2.74166666667	56.7207	3600.0	67.21	power	0.2	16	14
2	1	15.9149529934	22	2	6	2.74166666667	56.7207	3600.0	67.21	power	0.2	16	14
3	1	15.8025071621	22	2	6	2.74166666667	56.7207	3600.0	67.21	power	0.2	16	14
4	1	17.6936480999	22	2	6	2.74166666667	56.7207	3600.0	67.21	power	0.2	16	14
5	1	19.1303629875	22	2	6	2.74166666667	56.7207	3600.0	67.21	power	0.2	16	14
6	1	14.9495379925	22	2	6	2.74166666667	56.7207	3600.0	67.21	power	0.2	16	14
7	1	16.770843029	22	2	6	2.74166666667	56.7207	3600.0	67.21	power	0.2	16	14
8	1	16.3052370548	22	2	6	2.74166666667	56.7207	3600.0	67.21	power	0.2	16	14
9	1	16.2167799473	22	2	6	2.74166666667	56.7207	3600.0	67.21	power	0.2	16	14
10	1	15.685762167	22	2	6	2.74166666667	56.7207	3600.0	67.21	power	0.2	16	14
1	1	14.8721780777	24	2	6	2.82352941176	56.7207	3600.0	69.09	power	0.2	17	14
2	1	16.9708428383	24	2	6	2.82352941176	56.7207	3600.0	69.09	power	0.2	17	14
3	1	16.9295051098	24	2	6	2.82352941176	56.7207	3600.0	69.09	power	0.2	17	14
4	1	14.1818208694	24	2	6	2.82352941176	56.7207	3600.0	69.09	power	0.2	17	14
5	1	26.6771171093	24	2	6	2.82352941176	56.7207	3600.0	69.09	power	0.2	17	14
6	1	15.6576590538	24	2	6	2.82352941176	56.7207	3600.0	69.09	power	0.2	17	14
7	1	16.0793437958	24	2	6	2.82352941176	56.7207	3600.0	69.09	power	0.2	17	14
8	1	15.885466814	24	2	6	2.82352941176	56.7207	3600.0	69.09	power	0.2	17	14
9	1	14.5640099049	24	2	6	2.82352941176	56.7207	3600.0	69.09	power	0.2	17	14
10	1	22.5336921215	24	2	6	2.82352941176	56.7207	3600.0	69.09	power	0.2	17	14
1	1	15.925992012	26	2	6	2.86928104575	56.7207	3600.0	72.54	power	0.2	18	14
2	1	13.9601609707	26	2	6	2.86928104575	56.7207	3600.0	72.54	power	0.2	18	14
3	1	14.7906291485	26	2	6	2.86928104575	56.7207	3600.0	72.54	power	0.2	18	14
4	1	15.6916320324	26	2	6	2.86928104575	56.7207	3600.0	72.54	power	0.2	18	14
5	1	15.6923451424	26	2	6	2.86928104575	56.7207	3600.0	72.54	power	0.2	18	14
6	1	14.2738559246	26	2	6	2.86928104575	56.7207	3600.0	72.54	power	0.2	18	14
7	1	26.1141281128	26	2	6	2.86928104575	56.7207	3600.0	72.54	power	0.2	18	14
8	1	15.9950149059	26	2	6	2.86928104575	56.7207	3600.0	72.54	power	0.2	18	14
9	1	14.7740709782	26	2	6	2.86928104575	56.7207	3600.0	72.54	power	0.2	18	14
10	1	16.0595500469	26	2	6	2.86928104575	56.7207	3600.0	72.54	power	0.2	18	14
1	1	16.2706749439	28	2	6	2.91228070175	56.7207	3600.0	76.29	power	0.2	19	14
2	1	14.9017651081	28	2	6	2.91228070175	56.7207	3600.0	76.29	power	0.2	19	14
3	1	16.0168881416	28	2	6	2.91228070175	56.7207	3600.0	76.29	power	0.2	19	14
4	1	16.0436201096	28	2	6	2.91228070175	56.7207	3600.0	76.29	power	0.2	19	14
5	1	15.6287560463	28	2	6	2.91228070175	56.7207	3600.0	76.29	power	0.2	19	14
6	1	14.4431138039	28	2	6	2.91228070175	56.7207	3600.0	76.29	power	0.2	19	14
7	1	16.2664060593	28	2	6	2.91228070175	56.7207	3600.0	76.29	power	0.2	19	14
8	1	18.3068809509	28	2	6	2.91228070175	56.7207	3600.0	76.29	power	0.2	19	14
9	1	26.8734869957	28	2	6	2.91228070175	56.7207	3600.0	76.29	power	0.2	19	14
10	1	15.0050780773	28	2	6	2.91228070175	56.7207	3600.0	76.29	power	0.2	19	14
1	1	15.4053969383	30	2	6	2.96315789474	56.7207	3600.0	78.63	power	0.2	20	14
2	1	15.578674078	30	2	6	2.96315789474	56.7207	3600.0	78.63	power	0.2	20	14
3	1	14.4869670868	30	2	6	2.96315789474	56.7207	3600.0	78.63	power	0.2	20	14
4	1	16.2325720787	30	2	6	2.96315789474	56.7207	3600.0	78.63	power	0.2	20	14
5	1	15.8095309734	30	2	6	2.96315789474	56.7207	3600.0	78.63	power	0.2	20	14
6	1	16.6467831135	30	2	6	2.96315789474	56.7207	3600.0	78.63	power	0.2	20	14
7	1	21.5603969097	30	2	6	2.96315789474	56.7207	3600.0	78.63	power	0.2	20	14
8	1	16.5780251026	30	2	6	2.96315789474	56.7207	3600.0	78.63	power	0.2	20	14
9	1	13.8068239689	30	2	6	2.96315789474	56.7207	3600.0	78.63	power	0.2	20	14
10	1	24.765250206	30	2	6	2.96315789474	56.7207	3600.0	78.63	power	0.2	20	14
1	1	17.9406278133	32	2	6	3.00952380952	56.7207	3600.0	80.7	power	0.2	21	14
2	1	15.444327116	32	2	6	3.00952380952	56.7207	3600.0	80.7	power	0.2	21	14
3	1	15.5826067924	32	2	6	3.00952380952	56.7207	3600.0	80.7	power	0.2	21	14
4	1	15.4850509167	32	2	6	3.00952380952	56.7207	3600.0	80.7	power	0.2	21	14
5	1	16.0843439102	32	2	6	3.00952380952	56.7207	3600.0	80.7	power	0.2	21	14
6	1	22.8816840649	32	2	6	3.00952380952	56.7207	3600.0	80.7	power	0.2	21	14
7	1	21.1172938347	32	2	6	3.00952380952	56.7207	3600.0	80.7	power	0.2	21	14
8	1	14.025537014	32	2	6	3.00952380952	56.7207	3600.0	80.7	power	0.2	21	14
9	1	14.8492941856	32	2	6	3.00952380952	56.7207	3600.0	80.7	power	0.2	21	14
10	1	16.4839761257	32	2	6	3.00952380952	56.7207	3600.0	80.7	power	0.2	21	14
1	1	15.6712949276	33	2	6	3.1038961039	56.7207	3600.0	83.76	power	0.2	22	14
2	1	15.2662239075	33	2	6	3.1038961039	56.7207	3600.0	83.76	power	0.2	22	14
3	1	15.9653129578	33	2	6	3.1038961039	56.7207	3600.0	83.76	power	0.2	22	14
4	1	19.8019609451	33	2	6	3.1038961039	56.7207	3600.0	83.76	power	0.2	22	14
5	1	15.6842470169	33	2	6	3.1038961039	56.7207	3600.0	83.76	power	0.2	22	14
6	1	19.9520139694	33	2	6	3.1038961039	56.7207	3600.0	83.76	power	0.2	22	14
7	1	16.986620903	33	2	6	3.1038961039	56.7207	3600.0	83.76	power	0.2	22	14
8	1	13.9960551262	33	2	6	3.1038961039	56.7207	3600.0	83.76	power	0.2	22	14
9	1	16.2506761551	33	2	6	3.1038961039	56.7207	3600.0	83.76	power	0.2	22	14
10	1	17.3466320038	33	2	6	3.1038961039	56.7207	3600.0	83.76	power	0.2	22	14
1	1	16.1550328732	34	2	6	3.19367588933	56.7207	3600.0	90.28	power	0.2	23	14
2	1	14.8403179646	34	2	6	3.19367588933	56.7207	3600.0	90.28	power	0.2	23	14
3	1	18.271239996	34	2	6	3.19367588933	56.7207	3600.0	90.28	power	0.2	23	14
4	1	14.9720549583	34	2	6	3.19367588933	56.7207	3600.0	90.28	power	0.2	23	14
5	1	14.6136820316	34	2	6	3.19367588933	56.7207	3600.0	90.28	power	0.2	23	14
6	1	21.5048098564	34	2	6	3.19367588933	56.7207	3600.0	90.28	power	0.2	23	14
7	1	17.3965630531	34	2	6	3.19367588933	56.7207	3600.0	90.28	power	0.2	23	14
8	1	17.1917948723	34	2	6	3.19367588933	56.7207	3600.0	90.28	power	0.2	23	14
9	1	16.1066119671	34	2	6	3.19367588933	56.7207	3600.0	90.28	power	0.2	23	14
10	1	17.685311079	34	2	6	3.19367588933	56.7207	3600.0	90.28	power	0.2	23	14
1	1	15.8941881657	35	2	6	3.27898550725	56.7207	3600.0	93.44	power	0.2	24	14
2	1	17.0658740997	35	2	6	3.27898550725	56.7207	3600.0	93.44	power	0.2	24	14
3	1	16.4588050842	35	2	6	3.27898550725	56.7207	3600.0	93.44	power	0.2	24	14
4	1	16.6873631477	35	2	6	3.27898550725	56.7207	3600.0	93.44	power	0.2	24	14
5	1	16.747549057	35	2	6	3.27898550725	56.7207	3600.0	93.44	power	0.2	24	14
6	1	14.0461750031	35	2	6	3.27898550725	56.7207	3600.0	93.44	power	0.2	24	14
7	1	14.1235430241	35	2	6	3.27898550725	56.7207	3600.0	93.44	power	0.2	24	14
8	1	27.8020319939	35	2	6	3.27898550725	56.7207	3600.0	93.44	power	0.2	24	14
9	1	14.12449193	35	2	6	3.27898550725	56.7207	3600.0	93.44	power	0.2	24	14
10	1	14.7632300854	35	2	6	3.27898550725	56.7207	3600.0	93.44	power	0.2	24	14
1	1	15.9672911167	36	2	6	3.36	56.7207	3600.0	94.84	power	0.2	25	14
2	1	15.3848590851	36	2	6	3.36	56.7207	3600.0	94.84	power	0.2	25	14
3	1	17.0945379734	36	2	6	3.36	56.7207	3600.0	94.84	power	0.2	25	14
4	1	16.2215948105	36	2	6	3.36	56.7207	3600.0	94.84	power	0.2	25	14
5	1	16.2116258144	36	2	6	3.36	56.7207	3600.0	94.84	power	0.2	25	14
6	1	14.2684669495	36	2	6	3.36	56.7207	3600.0	94.84	power	0.2	25	14
7	1	14.2897460461	36	2	6	3.36	56.7207	3600.0	94.84	power	0.2	25	14
8	1	15.3574898243	36	2	6	3.36	56.7207	3600.0	94.84	power	0.2	25	14
9	1	15.220938921	36	2	6	3.36	56.7207	3600.0	94.84	power	0.2	25	14
10	1	15.7575769424	36	2	6	3.36	56.7207	3600.0	94.84	power	0.2	25	14
1	1	13.5174460411	38	2	7	3.44	56.7207	3600.0	92.3	power	0.2	26	14
2	1	17.1405870914	38	2	7	3.44	56.7207	3600.0	92.3	power	0.2	26	14
3	1	14.8509972095	38	2	7	3.44	56.7207	3600.0	92.3	power	0.2	26	14
4	1	15.0685179234	38	2	7	3.44	56.7207	3600.0	92.3	power	0.2	26	14
5	1	15.0646829605	38	2	7	3.44	56.7207	3600.0	92.3	power	0.2	26	14
6	1	15.1060540676	38	2	7	3.44	56.7207	3600.0	92.3	power	0.2	26	14
7	1	17.7061901093	38	2	7	3.44	56.7207	3600.0	92.3	power	0.2	26	14
8	1	14.9070339203	38	2	7	3.44	56.7207	3600.0	92.3	power	0.2	26	14
9	1	15.6829919815	38	2	7	3.44	56.7207	3600.0	92.3	power	0.2	26	14
10	1	14.4521229267	38	2	7	3.44	56.7207	3600.0	92.3	power	0.2	26	14
1	1	16.7225601673	40	2	7	3.51566951567	56.7207	3600.0	94.46	power	0.2	27	14
2	1	13.9453988075	40	2	7	3.51566951567	56.7207	3600.0	94.46	power	0.2	27	14
3	1	15.381100893	40	2	7	3.51566951567	56.7207	3600.0	94.46	power	0.2	27	14
4	1	16.1339979172	40	2	7	3.51566951567	56.7207	3600.0	94.46	power	0.2	27	14
5	1	15.3715629578	40	2	7	3.51566951567	56.7207	3600.0	94.46	power	0.2	27	14
6	1	15.0378038883	40	2	7	3.51566951567	56.7207	3600.0	94.46	power	0.2	27	14
7	1	27.7098770142	40	2	7	3.51566951567	56.7207	3600.0	94.46	power	0.2	27	14
8	1	18.175809145	40	2	7	3.51566951567	56.7207	3600.0	94.46	power	0.2	27	14
9	1	15.6501119137	40	2	7	3.51566951567	56.7207	3600.0	94.46	power	0.2	27	14
10	1	17.8807420731	40	2	7	3.51566951567	56.7207	3600.0	94.46	power	0.2	27	14
1	1	15.4550960064	42	2	8	3.59259259259	56.7207	3600.0	95.72	power	0.2	28	14
2	1	16.1122500896	42	2	8	3.59259259259	56.7207	3600.0	95.72	power	0.2	28	14
3	1	17.3758170605	42	2	8	3.59259259259	56.7207	3600.0	95.72	power	0.2	28	14
4	1	13.9302871227	42	2	8	3.59259259259	56.7207	3600.0	95.72	power	0.2	28	14
5	1	15.5822291374	42	2	8	3.59259259259	56.7207	3600.0	95.72	power	0.2	28	14
6	1	15.5855610371	42	2	8	3.59259259259	56.7207	3600.0	95.72	power	0.2	28	14
7	1	14.2624020576	42	2	8	3.59259259259	56.7207	3600.0	95.72	power	0.2	28	14
8	1	20.7173500061	42	2	8	3.59259259259	56.7207	3600.0	95.72	power	0.2	28	14
9	1	16.4018378258	42	2	8	3.59259259259	56.7207	3600.0	95.72	power	0.2	28	14
10	1	15.5328509808	42	2	8	3.59259259259	56.7207	3600.0	95.72	power	0.2	28	14
1	1	17.7498168945	44	2	8	3.66502463054	56.7207	3600.0	97.39	power	0.2	29	14
2	1	16.6468529701	44	2	8	3.66502463054	56.7207	3600.0	97.39	power	0.2	29	14
3	1	14.5703837872	44	2	8	3.66502463054	56.7207	3600.0	97.39	power	0.2	29	14
4	1	19.0752880573	44	2	8	3.66502463054	56.7207	3600.0	97.39	power	0.2	29	14
5	1	17.1073498726	44	2	8	3.66502463054	56.7207	3600.0	97.39	power	0.2	29	14
6	1	15.3157401085	44	2	8	3.66502463054	56.7207	3600.0	97.39	power	0.2	29	14
7	1	16.1313300133	44	2	8	3.66502463054	56.7207	3600.0	97.39	power	0.2	29	14
8	1	15.0609688759	44	2	8	3.66502463054	56.7207	3600.0	97.39	power	0.2	29	14
9	1	16.4351451397	44	2	8	3.66502463054	56.7207	3600.0	97.39	power	0.2	29	14
10	1	14.3551979065	44	2	8	3.66502463054	56.7207	3600.0	97.39	power	0.2	29	14
1	1	15.09375	46	2	8	3.70574712644	56.7207	3600.0	100.84	power	0.2	30	14
2	1	15.5355651379	46	2	8	3.70574712644	56.7207	3600.0	100.84	power	0.2	30	14
3	1	15.353427887	46	2	8	3.70574712644	56.7207	3600.0	100.84	power	0.2	30	14
4	1	15.4245960712	46	2	8	3.70574712644	56.7207	3600.0	100.84	power	0.2	30	14
5	1	15.9492368698	46	2	8	3.70574712644	56.7207	3600.0	100.84	power	0.2	30	14
6	1	15.7292981148	46	2	8	3.70574712644	56.7207	3600.0	100.84	power	0.2	30	14
7	1	17.0404629707	46	2	8	3.70574712644	56.7207	3600.0	100.84	power	0.2	30	14
8	1	16.4544801712	46	2	8	3.70574712644	56.7207	3600.0	100.84	power	0.2	30	14
9	1	17.2213101387	46	2	8	3.70574712644	56.7207	3600.0	100.84	power	0.2	30	14
10	1	16.0832388401	46	2	8	3.70574712644	56.7207	3600.0	100.84	power	0.2	30	14
1	1	15.9042701721	48	2	8	3.74193548387	56.7207	3600.0	103.97	power	0.2	31	14
2	1	19.8603320122	48	2	8	3.74193548387	56.7207	3600.0	103.97	power	0.2	31	14
3	1	15.5014801025	48	2	8	3.74193548387	56.7207	3600.0	103.97	power	0.2	31	14
4	1	16.1095349789	48	2	8	3.74193548387	56.7207	3600.0	103.97	power	0.2	31	14
5	1	15.7898979187	48	2	8	3.74193548387	56.7207	3600.0	103.97	power	0.2	31	14
6	1	16.3631801605	48	2	8	3.74193548387	56.7207	3600.0	103.97	power	0.2	31	14
7	1	28.0467121601	48	2	8	3.74193548387	56.7207	3600.0	103.97	power	0.2	31	14
8	1	17.5304870605	48	2	8	3.74193548387	56.7207	3600.0	103.97	power	0.2	31	14
9	1	14.5121049881	48	2	8	3.74193548387	56.7207	3600.0	103.97	power	0.2	31	14
10	1	15.7688450813	48	2	8	3.74193548387	56.7207	3600.0	103.97	power	0.2	31	14
1	1	18.4426009655	50	2	8	3.78225806452	56.7207	3600.0	105.93	power	0.2	32	14
2	1	13.9895567894	50	2	8	3.78225806452	56.7207	3600.0	105.93	power	0.2	32	14
3	1	21.7394471169	50	2	8	3.78225806452	56.7207	3600.0	105.93	power	0.2	32	14
4	1	13.970154047	50	2	8	3.78225806452	56.7207	3600.0	105.93	power	0.2	32	14
5	1	13.649102211	50	2	8	3.78225806452	56.7207	3600.0	105.93	power	0.2	32	14
6	1	23.9266090393	50	2	8	3.78225806452	56.7207	3600.0	105.93	power	0.2	32	14
7	1	16.7842152119	50	2	8	3.78225806452	56.7207	3600.0	105.93	power	0.2	32	14
8	1	15.5284719467	50	2	8	3.78225806452	56.7207	3600.0	105.93	power	0.2	32	14
9	1	20.6401269436	50	2	8	3.78225806452	56.7207	3600.0	105.93	power	0.2	32	14
10	1	16.0513041019	50	2	8	3.78225806452	56.7207	3600.0	105.93	power	0.2	32	14
1	1	16.2685549259	52	2	8	3.81818181818	56.7207	3600.0	108.15	power	0.2	33	14
2	1	16.8920691013	52	2	8	3.81818181818	56.7207	3600.0	108.15	power	0.2	33	14
3	1	15.9580790997	52	2	8	3.81818181818	56.7207	3600.0	108.15	power	0.2	33	14
4	1	15.8020858765	52	2	8	3.81818181818	56.7207	3600.0	108.15	power	0.2	33	14
5	1	15.4313211441	52	2	8	3.81818181818	56.7207	3600.0	108.15	power	0.2	33	14
6	1	15.8842167854	52	2	8	3.81818181818	56.7207	3600.0	108.15	power	0.2	33	14
7	1	15.7506539822	52	2	8	3.81818181818	56.7207	3600.0	108.15	power	0.2	33	14
8	1	13.8959138393	52	2	8	3.81818181818	56.7207	3600.0	108.15	power	0.2	33	14
9	1	15.3923940659	52	2	8	3.81818181818	56.7207	3600.0	108.15	power	0.2	33	14
10	1	16.0217521191	52	2	8	3.81818181818	56.7207	3600.0	108.15	power	0.2	33	14
1	1	14.6923720837	54	2	8	3.86096256684	56.7207	3600.0	111.76	power	0.2	34	14
2	1	26.9902179241	54	2	8	3.86096256684	56.7207	3600.0	111.76	power	0.2	34	14
3	1	17.4506518841	54	2	8	3.86096256684	56.7207	3600.0	111.76	power	0.2	34	14
4	1	15.6283729076	54	2	8	3.86096256684	56.7207	3600.0	111.76	power	0.2	34	14
5	1	15.9759659767	54	2	8	3.86096256684	56.7207	3600.0	111.76	power	0.2	34	14
6	1	16.6064629555	54	2	8	3.86096256684	56.7207	3600.0	111.76	power	0.2	34	14
7	1	15.6621930599	54	2	8	3.86096256684	56.7207	3600.0	111.76	power	0.2	34	14
8	1	16.3467960358	54	2	8	3.86096256684	56.7207	3600.0	111.76	power	0.2	34	14
9	1	18.2390680313	54	2	8	3.86096256684	56.7207	3600.0	111.76	power	0.2	34	14
10	1	15.3384120464	54	2	8	3.86096256684	56.7207	3600.0	111.76	power	0.2	34	14
1	1	15.6937019825	56	2	8	3.9025210084	56.7207	3600.0	115.34	power	0.2	35	14
2	1	21.8067278862	56	2	8	3.9025210084	56.7207	3600.0	115.34	power	0.2	35	14
3	1	21.6916131973	56	2	8	3.9025210084	56.7207	3600.0	115.34	power	0.2	35	14
4	1	16.1582541466	56	2	8	3.9025210084	56.7207	3600.0	115.34	power	0.2	35	14
5	1	14.690541029	56	2	8	3.9025210084	56.7207	3600.0	115.34	power	0.2	35	14
6	1	16.2917978764	56	2	8	3.9025210084	56.7207	3600.0	115.34	power	0.2	35	14
7	1	16.3316400051	56	2	8	3.9025210084	56.7207	3600.0	115.34	power	0.2	35	14
8	1	20.8158140182	56	2	8	3.9025210084	56.7207	3600.0	115.34	power	0.2	35	14
9	1	15.4864220619	56	2	8	3.9025210084	56.7207	3600.0	115.34	power	0.2	35	14
10	1	14.7768521309	56	2	8	3.9025210084	56.7207	3600.0	115.34	power	0.2	35	14
1	1	16.6076979637	58	2	8	3.94603174603	56.7207	3600.0	117.67	power	0.2	36	14
2	1	15.7783968449	58	2	8	3.94603174603	56.7207	3600.0	117.67	power	0.2	36	14
3	1	15.6426820755	58	2	8	3.94603174603	56.7207	3600.0	117.67	power	0.2	36	14
4	1	14.6823680401	58	2	8	3.94603174603	56.7207	3600.0	117.67	power	0.2	36	14
5	1	15.9394299984	58	2	8	3.94603174603	56.7207	3600.0	117.67	power	0.2	36	14
6	1	15.7155380249	58	2	8	3.94603174603	56.7207	3600.0	117.67	power	0.2	36	14
7	1	13.6104779243	58	2	8	3.94603174603	56.7207	3600.0	117.67	power	0.2	36	14
8	1	15.5072910786	58	2	8	3.94603174603	56.7207	3600.0	117.67	power	0.2	36	14
9	1	16.5818800926	58	2	8	3.94603174603	56.7207	3600.0	117.67	power	0.2	36	14
10	1	16.1018080711	58	2	8	3.94603174603	56.7207	3600.0	117.67	power	0.2	36	14
1	1	15.9367828369	60	2	8	3.98798798799	56.7207	3600.0	119.45	power	0.2	37	14
2	1	15.6744399071	60	2	8	3.98798798799	56.7207	3600.0	119.45	power	0.2	37	14
3	1	16.9089980125	60	2	8	3.98798798799	56.7207	3600.0	119.45	power	0.2	37	14
4	1	14.316972971	60	2	8	3.98798798799	56.7207	3600.0	119.45	power	0.2	37	14
5	1	16.4848659039	60	2	8	3.98798798799	56.7207	3600.0	119.45	power	0.2	37	14
6	1	18.570333004	60	2	8	3.98798798799	56.7207	3600.0	119.45	power	0.2	37	14
7	1	17.1221859455	60	2	8	3.98798798799	56.7207	3600.0	119.45	power	0.2	37	14
8	1	16.135956049	60	2	8	3.98798798799	56.7207	3600.0	119.45	power	0.2	37	14
9	1	16.3256049156	60	2	8	3.98798798799	56.7207	3600.0	119.45	power	0.2	37	14
10	1	14.5446579456	60	2	8	3.98798798799	56.7207	3600.0	119.45	power	0.2	37	14
1	1	15.6810798645	61	2	8	4.06258890469	56.7207	3600.0	122.19	power	0.2	38	14
2	1	16.0996689796	61	2	8	4.06258890469	56.7207	3600.0	122.19	power	0.2	38	14
3	1	15.9338850975	61	2	8	4.06258890469	56.7207	3600.0	122.19	power	0.2	38	14
4	1	15.1370971203	61	2	8	4.06258890469	56.7207	3600.0	122.19	power	0.2	38	14
5	1	25.9241769314	61	2	8	4.06258890469	56.7207	3600.0	122.19	power	0.2	38	14
6	1	14.7191259861	61	2	8	4.06258890469	56.7207	3600.0	122.19	power	0.2	38	14
7	1	15.3637919426	61	2	8	4.06258890469	56.7207	3600.0	122.19	power	0.2	38	14
8	1	14.777534008	61	2	8	4.06258890469	56.7207	3600.0	122.19	power	0.2	38	14
9	1	15.0442240238	61	2	8	4.06258890469	56.7207	3600.0	122.19	power	0.2	38	14
10	1	15.3559508324	61	2	8	4.06258890469	56.7207	3600.0	122.19	power	0.2	38	14
1	1	15.7999110222	62	2	8	4.13495276653	56.7207	3600.0	127.56	power	0.2	39	14
2	1	16.7722499371	62	2	8	4.13495276653	56.7207	3600.0	127.56	power	0.2	39	14
3	1	15.8848290443	62	2	8	4.13495276653	56.7207	3600.0	127.56	power	0.2	39	14
4	1	15.5875930786	62	2	8	4.13495276653	56.7207	3600.0	127.56	power	0.2	39	14
5	1	22.8578228951	62	2	8	4.13495276653	56.7207	3600.0	127.56	power	0.2	39	14
6	1	21.2396101952	62	2	8	4.13495276653	56.7207	3600.0	127.56	power	0.2	39	14
7	1	16.5565059185	62	2	8	4.13495276653	56.7207	3600.0	127.56	power	0.2	39	14
8	1	15.4402461052	62	2	8	4.13495276653	56.7207	3600.0	127.56	power	0.2	39	14
9	1	15.0418670177	62	2	8	4.13495276653	56.7207	3600.0	127.56	power	0.2	39	14
10	1	15.563519001	62	2	8	4.13495276653	56.7207	3600.0	127.56	power	0.2	39	14
1	1	15.1908171177	63	2	8	4.20512820513	56.7207	3600.0	130.09	power	0.2	40	14
2	1	19.7158050537	63	2	8	4.20512820513	56.7207	3600.0	130.09	power	0.2	40	14
3	1	15.1565990448	63	2	8	4.20512820513	56.7207	3600.0	130.09	power	0.2	40	14
4	1	16.6043570042	63	2	8	4.20512820513	56.7207	3600.0	130.09	power	0.2	40	14
5	1	15.4254460335	63	2	8	4.20512820513	56.7207	3600.0	130.09	power	0.2	40	14
6	1	24.7245118618	63	2	8	4.20512820513	56.7207	3600.0	130.09	power	0.2	40	14
7	1	15.7499790192	63	2	8	4.20512820513	56.7207	3600.0	130.09	power	0.2	40	14
8	1	14.6319591999	63	2	8	4.20512820513	56.7207	3600.0	130.09	power	0.2	40	14
9	1	27.5858540535	63	2	8	4.20512820513	56.7207	3600.0	130.09	power	0.2	40	14
10	1	14.7933559418	63	2	8	4.20512820513	56.7207	3600.0	130.09	power	0.2	40	14
1	1	15.4348611832	64	2	8	4.27317073171	56.7207	3600.0	131.27	power	0.2	41	14
2	1	15.7086138725	64	2	8	4.27317073171	56.7207	3600.0	131.27	power	0.2	41	14
3	1	17.1929321289	64	2	8	4.27317073171	56.7207	3600.0	131.27	power	0.2	41	14
4	1	20.228000164	64	2	8	4.27317073171	56.7207	3600.0	131.27	power	0.2	41	14
5	1	15.5133030415	64	2	8	4.27317073171	56.7207	3600.0	131.27	power	0.2	41	14
6	1	17.4059288502	64	2	8	4.27317073171	56.7207	3600.0	131.27	power	0.2	41	14
7	1	15.7547829151	64	2	8	4.27317073171	56.7207	3600.0	131.27	power	0.2	41	14
8	1	15.1843671799	64	2	8	4.27317073171	56.7207	3600.0	131.27	power	0.2	41	14
9	1	15.9407830238	64	2	8	4.27317073171	56.7207	3600.0	131.27	power	0.2	41	14
10	1	17.4067032337	64	2	8	4.27317073171	56.7207	3600.0	131.27	power	0.2	41	14
1	1	16.6208920479	18	2	5	2.56043956044	56.7207	3600.0	58.54	power	0.1	14	14
2	1	16.0042979717	18	2	5	2.56043956044	56.7207	3600.0	58.54	power	0.1	14	14
3	1	14.4754810333	18	2	5	2.56043956044	56.7207	3600.0	58.54	power	0.1	14	14
4	1	16.1031780243	18	2	5	2.56043956044	56.7207	3600.0	58.54	power	0.1	14	14
5	1	17.2591221333	18	2	5	2.56043956044	56.7207	3600.0	58.54	power	0.1	14	14
6	1	14.6524920464	18	2	5	2.56043956044	56.7207	3600.0	58.54	power	0.1	14	14
7	1	15.226241827	18	2	5	2.56043956044	56.7207	3600.0	58.54	power	0.1	14	14
8	1	15.6842670441	18	2	5	2.56043956044	56.7207	3600.0	58.54	power	0.1	14	14
9	1	14.4502849579	18	2	5	2.56043956044	56.7207	3600.0	58.54	power	0.1	14	14
10	1	13.7336499691	18	2	5	2.56043956044	56.7207	3600.0	58.54	power	0.1	14	14
1	1	15.3579239845	20	2	5	2.64761904762	56.7207	3600.0	60.94	power	0.1	15	14
2	1	14.9452068806	20	2	5	2.64761904762	56.7207	3600.0	60.94	power	0.1	15	14
3	1	13.8375630379	20	2	5	2.64761904762	56.7207	3600.0	60.94	power	0.1	15	14
4	1	16.3393228054	20	2	5	2.64761904762	56.7207	3600.0	60.94	power	0.1	15	14
5	1	16.5446949005	20	2	5	2.64761904762	56.7207	3600.0	60.94	power	0.1	15	14
6	1	17.3954260349	20	2	5	2.64761904762	56.7207	3600.0	60.94	power	0.1	15	14
7	1	15.7769329548	20	2	5	2.64761904762	56.7207	3600.0	60.94	power	0.1	15	14
8	1	16.2322220802	20	2	5	2.64761904762	56.7207	3600.0	60.94	power	0.1	15	14
9	1	20.5953299999	20	2	5	2.64761904762	56.7207	3600.0	60.94	power	0.1	15	14
10	1	15.1859898567	20	2	5	2.64761904762	56.7207	3600.0	60.94	power	0.1	15	14
1	1	16.6161830425	22	2	6	2.74166666667	56.7207	3600.0	62.46	power	0.1	16	14
2	1	16.9455759525	22	2	6	2.74166666667	56.7207	3600.0	62.46	power	0.1	16	14
3	1	15.0672061443	22	2	6	2.74166666667	56.7207	3600.0	62.46	power	0.1	16	14
4	1	20.27079916	22	2	6	2.74166666667	56.7207	3600.0	62.46	power	0.1	16	14
5	1	20.8218522072	22	2	6	2.74166666667	56.7207	3600.0	62.46	power	0.1	16	14
6	1	16.339771986	22	2	6	2.74166666667	56.7207	3600.0	62.46	power	0.1	16	14
7	1	16.2634150982	22	2	6	2.74166666667	56.7207	3600.0	62.46	power	0.1	16	14
8	1	15.3849420547	22	2	6	2.74166666667	56.7207	3600.0	62.46	power	0.1	16	14
9	1	13.6141300201	22	2	6	2.74166666667	56.7207	3600.0	62.46	power	0.1	16	14
10	1	20.330796957	22	2	6	2.74166666667	56.7207	3600.0	62.46	power	0.1	16	14
1	1	14.8365750313	24	2	6	2.82352941176	56.7207	3600.0	64.34	power	0.1	17	14
2	1	23.4059998989	24	2	6	2.82352941176	56.7207	3600.0	64.34	power	0.1	17	14
3	1	15.2170038223	24	2	6	2.82352941176	56.7207	3600.0	64.34	power	0.1	17	14
4	1	14.1352829933	24	2	6	2.82352941176	56.7207	3600.0	64.34	power	0.1	17	14
5	1	15.6619179249	24	2	6	2.82352941176	56.7207	3600.0	64.34	power	0.1	17	14
6	1	15.957461834	24	2	6	2.82352941176	56.7207	3600.0	64.34	power	0.1	17	14
7	1	18.0576839447	24	2	6	2.82352941176	56.7207	3600.0	64.34	power	0.1	17	14
8	1	26.8706810474	24	2	6	2.82352941176	56.7207	3600.0	64.34	power	0.1	17	14
9	1	19.3537399769	24	2	6	2.82352941176	56.7207	3600.0	64.34	power	0.1	17	14
10	1	13.741202116	24	2	6	2.82352941176	56.7207	3600.0	64.34	power	0.1	17	14
1	1	15.342512846	26	2	6	2.86928104575	56.7207	3600.0	67.91	power	0.1	18	14
2	1	15.3725450039	26	2	6	2.86928104575	56.7207	3600.0	67.91	power	0.1	18	14
3	1	16.5283010006	26	2	6	2.86928104575	56.7207	3600.0	67.91	power	0.1	18	14
4	1	15.357872963	26	2	6	2.86928104575	56.7207	3600.0	67.91	power	0.1	18	14
5	1	16.0486299992	26	2	6	2.86928104575	56.7207	3600.0	67.91	power	0.1	18	14
6	1	15.1521699429	26	2	6	2.86928104575	56.7207	3600.0	67.91	power	0.1	18	14
7	1	18.484017849	26	2	6	2.86928104575	56.7207	3600.0	67.91	power	0.1	18	14
8	1	15.2846899033	26	2	6	2.86928104575	56.7207	3600.0	67.91	power	0.1	18	14
9	1	15.5727519989	26	2	6	2.86928104575	56.7207	3600.0	67.91	power	0.1	18	14
10	1	15.9885420799	26	2	6	2.86928104575	56.7207	3600.0	67.91	power	0.1	18	14
1	1	14.6803538799	28	2	6	2.91228070175	56.7207	3600.0	70.81	power	0.1	19	14
2	1	14.4886100292	28	2	6	2.91228070175	56.7207	3600.0	70.81	power	0.1	19	14
3	1	14.0868411064	28	2	6	2.91228070175	56.7207	3600.0	70.81	power	0.1	19	14
4	1	15.934566021	28	2	6	2.91228070175	56.7207	3600.0	70.81	power	0.1	19	14
5	1	16.9287080765	28	2	6	2.91228070175	56.7207	3600.0	70.81	power	0.1	19	14
6	1	18.8551511765	28	2	6	2.91228070175	56.7207	3600.0	70.81	power	0.1	19	14
7	1	15.5888028145	28	2	6	2.91228070175	56.7207	3600.0	70.81	power	0.1	19	14
8	1	14.5311508179	28	2	6	2.91228070175	56.7207	3600.0	70.81	power	0.1	19	14
9	1	14.4004709721	28	2	6	2.91228070175	56.7207	3600.0	70.81	power	0.1	19	14
10	1	14.2426540852	28	2	6	2.91228070175	56.7207	3600.0	70.81	power	0.1	19	14
1	1	16.4670469761	30	2	6	2.96315789474	56.7207	3600.0	72.52	power	0.1	20	14
2	1	16.8020050526	30	2	6	2.96315789474	56.7207	3600.0	72.52	power	0.1	20	14
3	1	15.512706995	30	2	6	2.96315789474	56.7207	3600.0	72.52	power	0.1	20	14
4	1	14.9908189774	30	2	6	2.96315789474	56.7207	3600.0	72.52	power	0.1	20	14
5	1	13.6083261967	30	2	6	2.96315789474	56.7207	3600.0	72.52	power	0.1	20	14
6	1	15.2753400803	30	2	6	2.96315789474	56.7207	3600.0	72.52	power	0.1	20	14
7	1	15.6509809494	30	2	6	2.96315789474	56.7207	3600.0	72.52	power	0.1	20	14
8	1	17.6316010952	30	2	6	2.96315789474	56.7207	3600.0	72.52	power	0.1	20	14
9	1	14.6844968796	30	2	6	2.96315789474	56.7207	3600.0	72.52	power	0.1	20	14
10	1	16.0920958519	30	2	6	2.96315789474	56.7207	3600.0	72.52	power	0.1	20	14
1	1	14.2604780197	32	2	6	3.00952380952	56.7207	3600.0	74.0	power	0.1	21	14
2	1	16.3959739208	32	2	6	3.00952380952	56.7207	3600.0	74.0	power	0.1	21	14
3	1	16.0260989666	32	2	6	3.00952380952	56.7207	3600.0	74.0	power	0.1	21	14
4	1	21.5837879181	32	2	6	3.00952380952	56.7207	3600.0	74.0	power	0.1	21	14
5	1	14.8750300407	32	2	6	3.00952380952	56.7207	3600.0	74.0	power	0.1	21	14
6	1	13.3344829082	32	2	6	3.00952380952	56.7207	3600.0	74.0	power	0.1	21	14
7	1	13.2487969398	32	2	6	3.00952380952	56.7207	3600.0	74.0	power	0.1	21	14
8	1	16.4290940762	32	2	6	3.00952380952	56.7207	3600.0	74.0	power	0.1	21	14
9	1	15.1253521442	32	2	6	3.00952380952	56.7207	3600.0	74.0	power	0.1	21	14
10	1	16.9932451248	32	2	6	3.00952380952	56.7207	3600.0	74.0	power	0.1	21	14
1	1	14.4368839264	33	2	6	3.1038961039	56.7207	3600.0	76.89	power	0.1	22	14
2	1	15.1766719818	33	2	6	3.1038961039	56.7207	3600.0	76.89	power	0.1	22	14
3	1	15.213135004	33	2	6	3.1038961039	56.7207	3600.0	76.89	power	0.1	22	14
4	1	20.7306489944	33	2	6	3.1038961039	56.7207	3600.0	76.89	power	0.1	22	14
5	1	15.1719999313	33	2	6	3.1038961039	56.7207	3600.0	76.89	power	0.1	22	14
6	1	14.3970940113	33	2	6	3.1038961039	56.7207	3600.0	76.89	power	0.1	22	14
7	1	16.1999311447	33	2	6	3.1038961039	56.7207	3600.0	76.89	power	0.1	22	14
8	1	15.7466049194	33	2	6	3.1038961039	56.7207	3600.0	76.89	power	0.1	22	14
9	1	14.9204440117	33	2	6	3.1038961039	56.7207	3600.0	76.89	power	0.1	22	14
10	1	16.6170358658	33	2	6	3.1038961039	56.7207	3600.0	76.89	power	0.1	22	14
1	1	17.2553238869	34	2	6	3.19367588933	56.7207	3600.0	82.63	power	0.1	23	14
2	1	19.4026730061	34	2	6	3.19367588933	56.7207	3600.0	82.63	power	0.1	23	14
3	1	15.8313651085	34	2	6	3.19367588933	56.7207	3600.0	82.63	power	0.1	23	14
4	1	15.5149259567	34	2	6	3.19367588933	56.7207	3600.0	82.63	power	0.1	23	14
5	1	13.9079639912	34	2	6	3.19367588933	56.7207	3600.0	82.63	power	0.1	23	14
6	1	14.5153448582	34	2	6	3.19367588933	56.7207	3600.0	82.63	power	0.1	23	14
7	1	15.8880159855	34	2	6	3.19367588933	56.7207	3600.0	82.63	power	0.1	23	14
8	1	15.2783508301	34	2	6	3.19367588933	56.7207	3600.0	82.63	power	0.1	23	14
9	1	14.426347971	34	2	6	3.19367588933	56.7207	3600.0	82.63	power	0.1	23	14
10	1	14.6043081284	34	2	6	3.19367588933	56.7207	3600.0	82.63	power	0.1	23	14
1	1	15.9052948952	35	2	6	3.27898550725	56.7207	3600.0	84.7	power	0.1	24	14
2	1	18.6832408905	35	2	6	3.27898550725	56.7207	3600.0	84.7	power	0.1	24	14
3	1	14.6864922047	35	2	6	3.27898550725	56.7207	3600.0	84.7	power	0.1	24	14
4	1	15.4319090843	35	2	6	3.27898550725	56.7207	3600.0	84.7	power	0.1	24	14
5	1	17.4441821575	35	2	6	3.27898550725	56.7207	3600.0	84.7	power	0.1	24	14
6	1	14.824450016	35	2	6	3.27898550725	56.7207	3600.0	84.7	power	0.1	24	14
7	1	15.9272248745	35	2	6	3.27898550725	56.7207	3600.0	84.7	power	0.1	24	14
8	1	16.2495141029	35	2	6	3.27898550725	56.7207	3600.0	84.7	power	0.1	24	14
9	1	14.8048639297	35	2	6	3.27898550725	56.7207	3600.0	84.7	power	0.1	24	14
10	1	15.6378190517	35	2	6	3.27898550725	56.7207	3600.0	84.7	power	0.1	24	14
1	1	16.2843871117	36	2	6	3.36	56.7207	3600.0	85.77	power	0.1	25	14
2	1	15.6367938519	36	2	6	3.36	56.7207	3600.0	85.77	power	0.1	25	14
3	1	18.6096169949	36	2	6	3.36	56.7207	3600.0	85.77	power	0.1	25	14
4	1	27.749423027	36	2	6	3.36	56.7207	3600.0	85.77	power	0.1	25	14
5	1	19.9665811062	36	2	6	3.36	56.7207	3600.0	85.77	power	0.1	25	14
6	1	14.4005270004	36	2	6	3.36	56.7207	3600.0	85.77	power	0.1	25	14
7	1	13.8065090179	36	2	6	3.36	56.7207	3600.0	85.77	power	0.1	25	14
8	1	14.5751490593	36	2	6	3.36	56.7207	3600.0	85.77	power	0.1	25	14
9	1	15.6956319809	36	2	6	3.36	56.7207	3600.0	85.77	power	0.1	25	14
10	1	16.223058939	36	2	6	3.36	56.7207	3600.0	85.77	power	0.1	25	14
1	1	15.3320360184	38	2	7	3.44	56.7207	3600.0	75.89	power	0.1	26	14
2	1	17.3451938629	38	2	7	3.44	56.7207	3600.0	75.89	power	0.1	26	14
3	1	14.0483629704	38	2	7	3.44	56.7207	3600.0	75.89	power	0.1	26	14
4	1	17.6660509109	38	2	7	3.44	56.7207	3600.0	75.89	power	0.1	26	14
5	1	16.5344378948	38	2	7	3.44	56.7207	3600.0	75.89	power	0.1	26	14
6	1	22.4629969597	38	2	7	3.44	56.7207	3600.0	75.89	power	0.1	26	14
7	1	15.0442078114	38	2	7	3.44	56.7207	3600.0	75.89	power	0.1	26	14
8	1	15.0779519081	38	2	7	3.44	56.7207	3600.0	75.89	power	0.1	26	14
9	1	17.4428629875	38	2	7	3.44	56.7207	3600.0	75.89	power	0.1	26	14
10	1	15.9858119488	38	2	7	3.44	56.7207	3600.0	75.89	power	0.1	26	14
1	1	16.5443959236	40	2	7	3.51566951567	56.7207	3600.0	77.58	power	0.1	27	14
2	1	14.0704410076	40	2	7	3.51566951567	56.7207	3600.0	77.58	power	0.1	27	14
3	1	16.1218919754	40	2	7	3.51566951567	56.7207	3600.0	77.58	power	0.1	27	14
4	1	14.2392680645	40	2	7	3.51566951567	56.7207	3600.0	77.58	power	0.1	27	14
5	1	14.062650919	40	2	7	3.51566951567	56.7207	3600.0	77.58	power	0.1	27	14
6	1	20.2164378166	40	2	7	3.51566951567	56.7207	3600.0	77.58	power	0.1	27	14
7	1	15.6416249275	40	2	7	3.51566951567	56.7207	3600.0	77.58	power	0.1	27	14
8	1	18.0407521725	40	2	7	3.51566951567	56.7207	3600.0	77.58	power	0.1	27	14
9	1	16.7825171947	40	2	7	3.51566951567	56.7207	3600.0	77.58	power	0.1	27	14
10	1	16.4721319675	40	2	7	3.51566951567	56.7207	3600.0	77.58	power	0.1	27	14
1	1	16.6984140873	42	2	8	3.59259259259	56.7207	3600.0	78.5	power	0.1	28	14
2	1	16.0249021053	42	2	8	3.59259259259	56.7207	3600.0	78.5	power	0.1	28	14
3	1	16.400703907	42	2	8	3.59259259259	56.7207	3600.0	78.5	power	0.1	28	14
4	1	16.9523282051	42	2	8	3.59259259259	56.7207	3600.0	78.5	power	0.1	28	14
5	1	16.0818150043	42	2	8	3.59259259259	56.7207	3600.0	78.5	power	0.1	28	14
6	1	15.0493879318	42	2	8	3.59259259259	56.7207	3600.0	78.5	power	0.1	28	14
7	1	16.6855020523	42	2	8	3.59259259259	56.7207	3600.0	78.5	power	0.1	28	14
8	1	17.7029049397	42	2	8	3.59259259259	56.7207	3600.0	78.5	power	0.1	28	14
9	1	14.0004930496	42	2	8	3.59259259259	56.7207	3600.0	78.5	power	0.1	28	14
10	1	21.5341022015	42	2	8	3.59259259259	56.7207	3600.0	78.5	power	0.1	28	14
1	1	13.9230699539	44	2	8	3.66502463054	56.7207	3600.0	79.83	power	0.1	29	14
2	1	15.7022931576	44	2	8	3.66502463054	56.7207	3600.0	79.83	power	0.1	29	14
3	1	14.8102889061	44	2	8	3.66502463054	56.7207	3600.0	79.83	power	0.1	29	14
4	1	14.9745340347	44	2	8	3.66502463054	56.7207	3600.0	79.83	power	0.1	29	14
5	1	15.3027429581	44	2	8	3.66502463054	56.7207	3600.0	79.83	power	0.1	29	14
6	1	16.0838630199	44	2	8	3.66502463054	56.7207	3600.0	79.83	power	0.1	29	14
7	1	15.7350230217	44	2	8	3.66502463054	56.7207	3600.0	79.83	power	0.1	29	14
8	1	16.1600320339	44	2	8	3.66502463054	56.7207	3600.0	79.83	power	0.1	29	14
9	1	14.5097029209	44	2	8	3.66502463054	56.7207	3600.0	79.83	power	0.1	29	14
10	1	15.6386649609	44	2	8	3.66502463054	56.7207	3600.0	79.83	power	0.1	29	14
1	1	16.0435070992	46	2	8	3.70574712644	56.7207	3600.0	82.75	power	0.1	30	14
2	1	14.2980988026	46	2	8	3.70574712644	56.7207	3600.0	82.75	power	0.1	30	14
3	1	16.0274960995	46	2	8	3.70574712644	56.7207	3600.0	82.75	power	0.1	30	14
4	1	15.7490890026	46	2	8	3.70574712644	56.7207	3600.0	82.75	power	0.1	30	14
5	1	17.2249948978	46	2	8	3.70574712644	56.7207	3600.0	82.75	power	0.1	30	14
6	1	14.8545451164	46	2	8	3.70574712644	56.7207	3600.0	82.75	power	0.1	30	14
7	1	15.7339539528	46	2	8	3.70574712644	56.7207	3600.0	82.75	power	0.1	30	14
8	1	14.9064481258	46	2	8	3.70574712644	56.7207	3600.0	82.75	power	0.1	30	14
9	1	15.8625462055	46	2	8	3.70574712644	56.7207	3600.0	82.75	power	0.1	30	14
10	1	15.7595491409	46	2	8	3.70574712644	56.7207	3600.0	82.75	power	0.1	30	14
1	1	16.5060269833	48	2	8	3.74193548387	56.7207	3600.0	85.24	power	0.1	31	14
2	1	16.2960951328	48	2	8	3.74193548387	56.7207	3600.0	85.24	power	0.1	31	14
3	1	15.1532490253	48	2	8	3.74193548387	56.7207	3600.0	85.24	power	0.1	31	14
4	1	15.7885200977	48	2	8	3.74193548387	56.7207	3600.0	85.24	power	0.1	31	14
5	1	17.1932551861	48	2	8	3.74193548387	56.7207	3600.0	85.24	power	0.1	31	14
6	1	14.4458408356	48	2	8	3.74193548387	56.7207	3600.0	85.24	power	0.1	31	14
7	1	16.064250946	48	2	8	3.74193548387	56.7207	3600.0	85.24	power	0.1	31	14
8	1	15.5325698853	48	2	8	3.74193548387	56.7207	3600.0	85.24	power	0.1	31	14
9	1	15.0467610359	48	2	8	3.74193548387	56.7207	3600.0	85.24	power	0.1	31	14
10	1	16.1302158833	48	2	8	3.74193548387	56.7207	3600.0	85.24	power	0.1	31	14
1	1	16.3581709862	50	2	8	3.78225806452	56.7207	3600.0	86.5	power	0.1	32	14
2	1	14.7413480282	50	2	8	3.78225806452	56.7207	3600.0	86.5	power	0.1	32	14
3	1	16.3191978931	50	2	8	3.78225806452	56.7207	3600.0	86.5	power	0.1	32	14
4	1	15.6792898178	50	2	8	3.78225806452	56.7207	3600.0	86.5	power	0.1	32	14
5	1	15.6921370029	50	2	8	3.78225806452	56.7207	3600.0	86.5	power	0.1	32	14
6	1	14.1574668884	50	2	8	3.78225806452	56.7207	3600.0	86.5	power	0.1	32	14
7	1	20.7543971539	50	2	8	3.78225806452	56.7207	3600.0	86.5	power	0.1	32	14
8	1	18.9084179401	50	2	8	3.78225806452	56.7207	3600.0	86.5	power	0.1	32	14
9	1	15.6995282173	50	2	8	3.78225806452	56.7207	3600.0	86.5	power	0.1	32	14
10	1	17.0752029419	50	2	8	3.78225806452	56.7207	3600.0	86.5	power	0.1	32	14
1	1	16.1823558807	52	2	8	3.81818181818	56.7207	3600.0	87.81	power	0.1	33	14
2	1	18.3756430149	52	2	8	3.81818181818	56.7207	3600.0	87.81	power	0.1	33	14
3	1	15.3785631657	52	2	8	3.81818181818	56.7207	3600.0	87.81	power	0.1	33	14
4	1	15.8786370754	52	2	8	3.81818181818	56.7207	3600.0	87.81	power	0.1	33	14
5	1	14.0781271458	52	2	8	3.81818181818	56.7207	3600.0	87.81	power	0.1	33	14
6	1	14.1902530193	52	2	8	3.81818181818	56.7207	3600.0	87.81	power	0.1	33	14
7	1	15.4946689606	52	2	8	3.81818181818	56.7207	3600.0	87.81	power	0.1	33	14
8	1	17.8013207912	52	2	8	3.81818181818	56.7207	3600.0	87.81	power	0.1	33	14
9	1	16.6869487762	52	2	8	3.81818181818	56.7207	3600.0	87.81	power	0.1	33	14
10	1	15.9225559235	52	2	8	3.81818181818	56.7207	3600.0	87.81	power	0.1	33	14
1	1	15.1789138317	54	2	8	3.86096256684	56.7207	3600.0	90.19	power	0.1	34	14
2	1	21.2468369007	54	2	8	3.86096256684	56.7207	3600.0	90.19	power	0.1	34	14
3	1	21.388584137	54	2	8	3.86096256684	56.7207	3600.0	90.19	power	0.1	34	14
4	1	14.6453170776	54	2	8	3.86096256684	56.7207	3600.0	90.19	power	0.1	34	14
5	1	15.6985609531	54	2	8	3.86096256684	56.7207	3600.0	90.19	power	0.1	34	14
6	1	16.461247921	54	2	8	3.86096256684	56.7207	3600.0	90.19	power	0.1	34	14
7	1	15.1974718571	54	2	8	3.86096256684	56.7207	3600.0	90.19	power	0.1	34	14
8	1	20.8861989975	54	2	8	3.86096256684	56.7207	3600.0	90.19	power	0.1	34	14
9	1	15.9934241772	54	2	8	3.86096256684	56.7207	3600.0	90.19	power	0.1	34	14
10	1	13.8835339546	54	2	8	3.86096256684	56.7207	3600.0	90.19	power	0.1	34	14
1	1	15.7603740692	56	2	8	3.9025210084	56.7207	3600.0	93.11	power	0.1	35	14
2	1	15.8882470131	56	2	8	3.9025210084	56.7207	3600.0	93.11	power	0.1	35	14
3	1	21.4235501289	56	2	8	3.9025210084	56.7207	3600.0	93.11	power	0.1	35	14
4	1	18.3208680153	56	2	8	3.9025210084	56.7207	3600.0	93.11	power	0.1	35	14
5	1	16.5252139568	56	2	8	3.9025210084	56.7207	3600.0	93.11	power	0.1	35	14
6	1	15.0099308491	56	2	8	3.9025210084	56.7207	3600.0	93.11	power	0.1	35	14
7	1	13.9721109867	56	2	8	3.9025210084	56.7207	3600.0	93.11	power	0.1	35	14
8	1	15.9093849659	56	2	8	3.9025210084	56.7207	3600.0	93.11	power	0.1	35	14
9	1	15.3051087856	56	2	8	3.9025210084	56.7207	3600.0	93.11	power	0.1	35	14
10	1	14.1311950684	56	2	8	3.9025210084	56.7207	3600.0	93.11	power	0.1	35	14
1	1	14.7325320244	58	2	8	3.94603174603	56.7207	3600.0	94.53	power	0.1	36	14
2	1	20.5705180168	58	2	8	3.94603174603	56.7207	3600.0	94.53	power	0.1	36	14
3	1	17.1095468998	58	2	8	3.94603174603	56.7207	3600.0	94.53	power	0.1	36	14
4	1	15.634553194	58	2	8	3.94603174603	56.7207	3600.0	94.53	power	0.1	36	14
5	1	16.2175829411	58	2	8	3.94603174603	56.7207	3600.0	94.53	power	0.1	36	14
6	1	23.9145390987	58	2	8	3.94603174603	56.7207	3600.0	94.53	power	0.1	36	14
7	1	15.8657510281	58	2	8	3.94603174603	56.7207	3600.0	94.53	power	0.1	36	14
8	1	23.949242115	58	2	8	3.94603174603	56.7207	3600.0	94.53	power	0.1	36	14
9	1	16.041011095	58	2	8	3.94603174603	56.7207	3600.0	94.53	power	0.1	36	14
10	1	16.1951839924	58	2	8	3.94603174603	56.7207	3600.0	94.53	power	0.1	36	14
1	1	15.9361870289	60	2	8	3.98798798799	56.7207	3600.0	95.54	power	0.1	37	14
2	1	17.4562299252	60	2	8	3.98798798799	56.7207	3600.0	95.54	power	0.1	37	14
3	1	15.5933201313	60	2	8	3.98798798799	56.7207	3600.0	95.54	power	0.1	37	14
4	1	15.3620870113	60	2	8	3.98798798799	56.7207	3600.0	95.54	power	0.1	37	14
5	1	15.1796610355	60	2	8	3.98798798799	56.7207	3600.0	95.54	power	0.1	37	14
6	1	15.6002929211	60	2	8	3.98798798799	56.7207	3600.0	95.54	power	0.1	37	14
7	1	16.6851890087	60	2	8	3.98798798799	56.7207	3600.0	95.54	power	0.1	37	14
8	1	14.7514650822	60	2	8	3.98798798799	56.7207	3600.0	95.54	power	0.1	37	14
9	1	15.0697438717	60	2	8	3.98798798799	56.7207	3600.0	95.54	power	0.1	37	14
10	1	27.3015620708	60	2	8	3.98798798799	56.7207	3600.0	95.54	power	0.1	37	14
1	1	14.6355509758	61	2	8	4.06258890469	56.7207	3600.0	97.34	power	0.1	38	14
2	1	19.4552841187	61	2	8	4.06258890469	56.7207	3600.0	97.34	power	0.1	38	14
3	1	23.6885061264	61	2	8	4.06258890469	56.7207	3600.0	97.34	power	0.1	38	14
4	1	14.0261909962	61	2	8	4.06258890469	56.7207	3600.0	97.34	power	0.1	38	14
5	1	16.4962849617	61	2	8	4.06258890469	56.7207	3600.0	97.34	power	0.1	38	14
6	1	15.8693091869	61	2	8	4.06258890469	56.7207	3600.0	97.34	power	0.1	38	14
7	1	15.3233480453	61	2	8	4.06258890469	56.7207	3600.0	97.34	power	0.1	38	14
8	1	16.484858036	61	2	8	4.06258890469	56.7207	3600.0	97.34	power	0.1	38	14
9	1	16.2768950462	61	2	8	4.06258890469	56.7207	3600.0	97.34	power	0.1	38	14
10	1	16.2813658714	61	2	8	4.06258890469	56.7207	3600.0	97.34	power	0.1	38	14
1	1	13.9544320107	62	2	8	4.13495276653	56.7207	3600.0	102.18	power	0.1	39	14
2	1	13.6665980816	62	2	8	4.13495276653	56.7207	3600.0	102.18	power	0.1	39	14
3	1	13.6477019787	62	2	8	4.13495276653	56.7207	3600.0	102.18	power	0.1	39	14
4	1	14.4208569527	62	2	8	4.13495276653	56.7207	3600.0	102.18	power	0.1	39	14
5	1	15.9723620415	62	2	8	4.13495276653	56.7207	3600.0	102.18	power	0.1	39	14
6	1	16.2556769848	62	2	8	4.13495276653	56.7207	3600.0	102.18	power	0.1	39	14
7	1	15.4314649105	62	2	8	4.13495276653	56.7207	3600.0	102.18	power	0.1	39	14
8	1	16.611066103	62	2	8	4.13495276653	56.7207	3600.0	102.18	power	0.1	39	14
9	1	23.6465389729	62	2	8	4.13495276653	56.7207	3600.0	102.18	power	0.1	39	14
10	1	14.1963071823	62	2	8	4.13495276653	56.7207	3600.0	102.18	power	0.1	39	14
1	1	16.768655777	63	2	8	4.20512820513	56.7207	3600.0	103.72	power	0.1	40	14
2	1	18.9624700546	63	2	8	4.20512820513	56.7207	3600.0	103.72	power	0.1	40	14
3	1	15.5218019485	63	2	8	4.20512820513	56.7207	3600.0	103.72	power	0.1	40	14
4	1	16.0017418861	63	2	8	4.20512820513	56.7207	3600.0	103.72	power	0.1	40	14
5	1	14.1262969971	63	2	8	4.20512820513	56.7207	3600.0	103.72	power	0.1	40	14
6	1	18.5484259129	63	2	8	4.20512820513	56.7207	3600.0	103.72	power	0.1	40	14
7	1	15.356495142	63	2	8	4.20512820513	56.7207	3600.0	103.72	power	0.1	40	14
8	1	14.816231966	63	2	8	4.20512820513	56.7207	3600.0	103.72	power	0.1	40	14
9	1	15.6733081341	63	2	8	4.20512820513	56.7207	3600.0	103.72	power	0.1	40	14
10	1	14.9744608402	63	2	8	4.20512820513	56.7207	3600.0	103.72	power	0.1	40	14
1	1	19.2607431412	64	2	8	4.27317073171	56.7207	3600.0	104.5	power	0.1	41	14
2	1	21.049710989	64	2	8	4.27317073171	56.7207	3600.0	104.5	power	0.1	41	14
3	1	15.9951570034	64	2	8	4.27317073171	56.7207	3600.0	104.5	power	0.1	41	14
4	1	15.8677091599	64	2	8	4.27317073171	56.7207	3600.0	104.5	power	0.1	41	14
5	1	16.0124781132	64	2	8	4.27317073171	56.7207	3600.0	104.5	power	0.1	41	14
6	1	14.5733549595	64	2	8	4.27317073171	56.7207	3600.0	104.5	power	0.1	41	14
7	1	15.842247963	64	2	8	4.27317073171	56.7207	3600.0	104.5	power	0.1	41	14
8	1	16.3065309525	64	2	8	4.27317073171	56.7207	3600.0	104.5	power	0.1	41	14
9	1	14.6624040604	64	2	8	4.27317073171	56.7207	3600.0	104.5	power	0.1	41	14
10	1	15.8111848831	64	2	8	4.27317073171	56.7207	3600.0	104.5	power	0.1	41	14
