trial	chips_added_at_a_time	execution_time	edges	levels	diameter	ASPL	power	frequency	temperature	picked_by	overlap	numchips	candidates
1	1	537.066859007	18	4	5	2.56043956044	56.7207	3600.0	58.45	power	0.2	14	14
2	1	546.454180956	18	3	5	2.56043956044	56.7207	3600.0	65.84	power	0.2	14	14
3	1	542.99811697	18	3	5	2.56043956044	56.7207	3600.0	64.89	power	0.2	14	14
4	1	482.067043066	20	3	5	2.49450549451	56.7207	3600.0	62.21	power	0.2	14	14
5	1	522.254667044	18	3	5	2.56043956044	56.7207	3600.0	60.21	power	0.2	14	14
6	1	514.923898935	18	3	5	2.56043956044	56.7207	3600.0	63.28	power	0.2	14	14
7	1	510.058938026	18	3	5	2.56043956044	56.7207	3600.0	59.97	power	0.2	14	14
8	1	508.705981016	19	3	5	2.52747252747	56.7207	3600.0	60.45	power	0.2	14	14
9	1	585.483263016	20	4	5	2.49450549451	56.7207	3600.0	58.57	power	0.2	14	14
10	1	794.625037909	19	4	5	2.52747252747	56.7207	3600.0	57.18	power	0.2	14	14
1	1	635.847242117	20	4	5	2.62857142857	56.7207	3600.0	59.52	power	0.2	15	14
2	1	509.878023148	20	3	5	2.62857142857	56.7207	3600.0	66.39	power	0.2	15	14
3	1	577.755598068	20	3	5	2.62857142857	56.7207	3600.0	62.74	power	0.2	15	14
4	1	583.817286968	20	3	5	2.62857142857	56.7207	3600.0	67.82	power	0.2	15	14
5	1	627.424598932	20	4	5	2.62857142857	56.7207	3600.0	64.39	power	0.2	15	14
6	1	562.991553068	20	3	5	2.62857142857	56.7207	3600.0	61.86	power	0.2	15	14
7	1	646.866801023	21	4	5	2.59047619048	56.7207	3600.0	63.49	power	0.2	15	14
8	1	546.174546957	21	3	5	2.59047619048	56.7207	3600.0	65.47	power	0.2	15	14
9	1	654.586941004	21	4	5	2.59047619048	56.7207	3600.0	59.81	power	0.2	15	14
10	1	628.239963055	20	4	5	2.62857142857	56.7207	3600.0	61.94	power	0.2	15	14
1	1	635.852198839	22	4	5	2.69166666667	56.7207	3600.0	66.46	power	0.2	16	14
2	1	642.446938992	22	3	5	2.69166666667	56.7207	3600.0	64.6	power	0.2	16	14
3	1	753.46065402	22	4	5	2.69166666667	56.7207	3600.0	63.45	power	0.2	16	14
4	1	563.894459009	22	3	5	2.69166666667	56.7207	3600.0	68.41	power	0.2	16	14
5	1	563.829725981	22	3	5	2.69166666667	56.7207	3600.0	66.89	power	0.2	16	14
6	1	715.055321932	22	4	5	2.66666666667	56.7207	3600.0	66.97	power	0.2	16	14
7	1	603.390929222	21	3	5	2.75	56.7207	3600.0	68.88	power	0.2	16	14
8	1	614.582455873	22	3	5	2.69166666667	56.7207	3600.0	68.41	power	0.2	16	14
9	1	521.357475042	22	3	5	2.69166666667	56.7207	3600.0	66.15	power	0.2	16	14
10	1	647.332331181	23	3	5	2.65	56.7207	3600.0	69.03	power	0.2	16	14
1	1	676.089382887	24	3	5	2.75	56.7207	3600.0	71.28	power	0.2	17	14
2	1	628.570610046	24	3	5	2.75	56.7207	3600.0	70.18	power	0.2	17	14
3	1	672.933043957	24	3	5	2.75	56.7207	3600.0	68.28	power	0.2	17	14
4	1	740.094557047	23	4	5	2.76470588235	56.7207	3600.0	69.14	power	0.2	17	14
5	1	931.037951946	24	5	5	2.75	56.7207	3600.0	68.2	power	0.2	17	14
6	1	549.440340996	24	3	5	2.75	56.7207	3600.0	69.5	power	0.2	17	14
7	1	576.616239071	24	3	5	2.75	56.7207	3600.0	70.42	power	0.2	17	14
8	1	599.592139959	24	3	5	2.75	56.7207	3600.0	68.54	power	0.2	17	14
9	1	677.020198107	24	3	5	2.75	56.7207	3600.0	72.05	power	0.2	17	14
10	1	635.521890879	23	3	5	2.79411764706	56.7207	3600.0	68.91	power	0.2	17	14
1	1	731.589832067	26	3	6	2.83006535948	56.7207	3600.0	69.66	power	0.2	18	14
2	1	1139.1858089	25	5	5	2.8431372549	56.7207	3600.0	66.05	power	0.2	18	14
3	1	977.335708141	25	4	5	2.8431372549	56.7207	3600.0	71.7	power	0.2	18	14
4	1	842.045059919	25	4	5	2.8431372549	56.7207	3600.0	69.74	power	0.2	18	14
5	1	770.386327028	25	3	5	2.8431372549	56.7207	3600.0	71.91	power	0.2	18	14
6	1	701.279462099	25	4	5	2.8431372549	56.7207	3600.0	70.59	power	0.2	18	14
7	1	785.091822863	25	4	5	2.8431372549	56.7207	3600.0	70.27	power	0.2	18	14
8	1	857.074284077	26	4	6	2.8431372549	56.7207	3600.0	65.79	power	0.2	18	14
9	1	888.665292025	25	4	5	2.8431372549	56.7207	3600.0	71.15	power	0.2	18	14
10	1	740.666953802	25	3	5	2.8431372549	56.7207	3600.0	70.34	power	0.2	18	14
1	1	709.600124121	27	4	6	2.92397660819	56.7207	3600.0	69.34	power	0.2	19	14
2	1	913.510021925	27	4	6	2.92397660819	56.7207	3600.0	67.58	power	0.2	19	14
3	1	791.54300189	28	3	6	2.90058479532	56.7207	3600.0	71.19	power	0.2	19	14
4	1	882.940937996	27	4	6	2.92397660819	56.7207	3600.0	66.01	power	0.2	19	14
5	1	1092.41624403	27	4	6	2.92397660819	56.7207	3600.0	66.98	power	0.2	19	14
6	1	832.060278893	27	3	6	2.92397660819	56.7207	3600.0	70.59	power	0.2	19	14
7	1	646.824157	28	3	6	2.90058479532	56.7207	3600.0	72.03	power	0.2	19	14
8	1	779.351544857	28	3	6	2.91228070175	56.7207	3600.0	68.86	power	0.2	19	14
9	1	760.042052984	28	3	6	2.90058479532	56.7207	3600.0	74.84	power	0.2	19	14
10	1	757.773119926	27	3	6	2.92397660819	56.7207	3600.0	71.32	power	0.2	19	14
1	1	994.787721157	30	4	6	2.96315789474	56.7207	3600.0	69.22	power	0.2	20	14
2	1	807.422923088	30	3	6	2.96315789474	56.7207	3600.0	74.4	power	0.2	20	14
3	1	1069.27897906	30	4	6	2.96315789474	56.7207	3600.0	71.29	power	0.2	20	14
4	1	1057.92959404	29	4	6	2.98947368421	56.7207	3600.0	67.32	power	0.2	20	14
5	1	902.396420956	29	3	6	2.98947368421	56.7207	3600.0	72.44	power	0.2	20	14
6	1	1256.523458	29	4	6	2.99473684211	56.7207	3600.0	71.09	power	0.2	20	14
7	1	968.010470867	29	4	6	2.99473684211	56.7207	3600.0	71.38	power	0.2	20	14
8	1	1067.32208204	29	4	6	2.98947368421	56.7207	3600.0	69.23	power	0.2	20	14
9	1	829.250359058	29	3	6	2.99473684211	56.7207	3600.0	75.14	power	0.2	20	14
10	1	1047.71034312	30	4	6	2.96315789474	56.7207	3600.0	71.08	power	0.2	20	14
1	1	1242.24968696	31	4	6	3.05714285714	56.7207	3600.0	77.93	power	0.2	21	14
2	1	1075.24560213	31	4	6	3.05714285714	56.7207	3600.0	72.67	power	0.2	21	14
3	1	887.160648108	31	3	6	3.05714285714	56.7207	3600.0	78.16	power	0.2	21	14
4	1	16670.2654219	0	0	0	0	0	0	0	power	0.2	21	14
5	1	853.855509043	31	3	6	3.05714285714	56.7207	3600.0	75.19	power	0.2	21	14
6	1	978.637852907	31	4	6	3.05714285714	56.7207	3600.0	71.93	power	0.2	21	14
7	1	1067.72953892	31	4	6	3.05714285714	56.7207	3600.0	70.31	power	0.2	21	14
8	1	781.820400953	31	3	6	3.05714285714	56.7207	3600.0	76.88	power	0.2	21	14
9	1	943.240170002	31	3	6	3.05714285714	56.7207	3600.0	75.28	power	0.2	21	14
10	1	983.133465052	31	4	6	3.05714285714	56.7207	3600.0	70.25	power	0.2	21	14
1	1	1206.01535416	31	4	6	3.1645021645	56.7207	3600.0	73.37	power	0.2	22	14
2	1	1182.68325281	32	4	6	3.1341991342	56.7207	3600.0	72.82	power	0.2	22	14
3	1	884.625631094	32	3	6	3.1341991342	56.7207	3600.0	80.95	power	0.2	22	14
4	1	1253.26142693	31	4	6	3.18181818182	56.7207	3600.0	72.0	power	0.2	22	14
5	1	8608.03816104	0	0	0	0	0	0	0	power	0.2	22	14
6	1	1134.99012017	33	4	6	3.12121212121	56.7207	3600.0	71.54	power	0.2	22	14
7	1	932.927480221	32	3	7	3.17748917749	56.7207	3600.0	75.98	power	0.2	22	14
8	1	1155.48372293	33	4	6	3.1038961039	56.7207	3600.0	75.85	power	0.2	22	14
9	1	1082.05155921	32	4	6	3.14718614719	56.7207	3600.0	75.46	power	0.2	22	14
10	1	17814.6092441	0	0	0	0	0	0	0	power	0.2	22	14
1	1	975.793215036	34	3	6	3.19367588933	56.7207	3600.0	79.32	power	0.2	23	14
2	1	951.906297922	34	3	6	3.19367588933	56.7207	3600.0	82.19	power	0.2	23	14
3	1	1284.21640992	34	4	6	3.19367588933	56.7207	3600.0	77.46	power	0.2	23	14
4	1	988.896019936	34	3	6	3.19367588933	56.7207	3600.0	75.99	power	0.2	23	14
5	1	3171.39834619	0	0	0	0	0	0	0	power	0.2	23	14
6	1	953.468867064	34	4	6	3.19367588933	56.7207	3600.0	78.19	power	0.2	23	14
7	1	37597.37624	0	0	0	0	0	0	0	power	0.2	23	14
8	1	1117.593889	33	4	7	3.24901185771	56.7207	3600.0	70.67	power	0.2	23	14
9	1	12278.1192808	0	0	0	0	0	0	0	power	0.2	23	14
10	1	1005.69751	34	3	6	3.19367588933	56.7207	3600.0	83.48	power	0.2	23	14
1	1	1371.47163582	36	4	6	3.24637681159	56.7207	3600.0	79.98	power	0.2	24	14
2	1	95743.5403931	0	0	0	0	0	0	0	power	0.2	24	14
3	1	1005.10056996	36	3	6	3.24637681159	56.7207	3600.0	84.74	power	0.2	24	14
4	1	17056.4484088	0	0	0	0	0	0	0	power	0.2	24	14
5	1	1333.43759608	35	4	6	3.27898550725	56.7207	3600.0	77.67	power	0.2	24	14
6	1	945.608085155	36	3	7	3.26449275362	56.7207	3600.0	80.2	power	0.2	24	14
7	1	1332.33484411	35	4	6	3.27898550725	56.7207	3600.0	79.22	power	0.2	24	14
8	1	1063.17985392	36	3	6	3.24637681159	56.7207	3600.0	81.98	power	0.2	24	14
9	1	34210.8927619	0	0	0	0	0	0	0	power	0.2	24	14
10	1	17724.280664	0	0	0	0	0	0	0	power	0.2	24	14
1	1	1151.4826839	38	3	7	3.32	56.7207	3600.0	78.6	power	0.2	25	14
2	1	1390.76543283	36	4	6	3.36	56.7207	3600.0	79.94	power	0.2	25	14
3	1	4458.49688697	0	0	0	0	0	0	0	power	0.2	25	14
4	1	18354.6635311	0	0	0	0	0	0	0	power	0.2	25	14
5	1	7389.98673391	0	0	0	0	0	0	0	power	0.2	25	14
6	1	36229.8227041	0	0	0	0	0	0	0	power	0.2	25	14
7	1	1013.60809898	36	3	6	3.36	56.7207	3600.0	87.77	power	0.2	25	14
8	1	1096.23226619	38	3	7	3.32666666667	56.7207	3600.0	80.22	power	0.2	25	14
9	1	7831.53396201	0	0	0	0	0	0	0	power	0.2	25	14
10	1	6572.53330588	0	0	0	0	0	0	0	power	0.2	25	14
