trial	chips_added_at_a_time	execution_time	edges	levels	diameter	ASPL	power	frequency	tempurature	picked_by	overlap	numchips	candidates
1	1	16.6690289974	3	2	2	1.5	56.7207	3600.0	47.44	power	0.2	4	14
1	1	19.2572028637	4	2	2	1.6	56.7207	3600.0	51.24	power	0.2	5	14
1	1	16.3627300262	6	2	3	1.73333333333	56.7207	3600.0	48.44	power	0.2	6	14
1	1	16.8795280457	8	2	3	1.80952380952	56.7207	3600.0	52.01	power	0.2	7	14
1	1	15.9755451679	10	2	4	1.92857142857	56.7207	3600.0	54.24	power	0.2	8	14
1	1	16.5573289394	12	2	4	2.0	56.7207	3600.0	56.74	power	0.2	9	14
1	1	16.8905119896	13	2	4	2.13333333333	56.7207	3600.0	61.26	power	0.2	10	14
1	1	15.6606497765	14	2	4	2.25454545455	56.7207	3600.0	68.54	power	0.2	11	14
1	1	14.626447916	15	2	4	2.36363636364	56.7207	3600.0	72.73	power	0.2	12	14
1	1	15.5784568787	16	2	4	2.46153846154	56.7207	3600.0	75.13	power	0.2	13	14
1	1	15.8153820038	18	2	5	2.56043956044	56.7207	3600.0	62.8	power	0.2	14	14
1	1	14.6550068855	20	2	5	2.64761904762	56.7207	3600.0	65.64	power	0.2	15	14
1	1	13.4175949097	22	2	6	2.74166666667	56.7207	3600.0	67.21	power	0.2	16	14
1	1	15.8131198883	24	2	6	2.82352941176	56.7207	3600.0	69.09	power	0.2	17	14
1	1	15.981762886	26	2	6	2.86928104575	56.7207	3600.0	72.54	power	0.2	18	14
1	1	15.6306629181	28	2	6	2.91228070175	56.7207	3600.0	76.29	power	0.2	19	14
1	1	16.7684390545	30	2	6	2.96315789474	56.7207	3600.0	78.63	power	0.2	20	14
1	1	16.3781850338	32	2	6	3.00952380952	56.7207	3600.0	80.7	power	0.2	21	14
1	1	21.2889308929	33	2	6	3.1038961039	56.7207	3600.0	83.76	power	0.2	22	14
1	1	16.400769949	34	2	6	3.19367588933	56.7207	3600.0	90.28	power	0.2	23	14
1	1	15.8775839806	35	2	6	3.27898550725	56.7207	3600.0	93.44	power	0.2	24	14
1	1	15.4433670044	36	2	6	3.36	56.7207	3600.0	94.84	power	0.2	25	14
1	1	15.5008609295	38	2	7	3.44	56.7207	3600.0	92.3	power	0.2	26	14
1	1	15.0355119705	40	2	7	3.51566951567	56.7207	3600.0	94.46	power	0.2	27	14
1	1	15.6666510105	42	2	8	3.59259259259	56.7207	3600.0	95.72	power	0.2	28	14
1	1	15.4046349525	44	2	8	3.66502463054	56.7207	3600.0	97.39	power	0.2	29	14
1	1	14.5420539379	46	2	8	3.70574712644	56.7207	3600.0	100.84	power	0.2	30	14
1	1	14.1816620827	48	2	8	3.74193548387	56.7207	3600.0	103.97	power	0.2	31	14
1	1	15.7435481548	50	2	8	3.78225806452	56.7207	3600.0	105.93	power	0.2	32	14
1	1	15.4061279297	52	2	8	3.81818181818	56.7207	3600.0	108.15	power	0.2	33	14
1	1	14.5287108421	54	2	8	3.86096256684	56.7207	3600.0	111.76	power	0.2	34	14
1	1	15.5967710018	56	2	8	3.9025210084	56.7207	3600.0	115.34	power	0.2	35	14
1	1	15.6008131504	58	2	8	3.94603174603	56.7207	3600.0	117.67	power	0.2	36	14
1	1	17.9985628128	60	2	8	3.98798798799	56.7207	3600.0	119.45	power	0.2	37	14
1	1	14.9755129814	61	2	8	4.06258890469	56.7207	3600.0	122.19	power	0.2	38	14
1	1	16.0780189037	62	2	8	4.13495276653	56.7207	3600.0	127.56	power	0.2	39	14
1	1	15.1917529106	63	2	8	4.20512820513	56.7207	3600.0	130.09	power	0.2	40	14
1	1	16.6141557693	64	2	8	4.27317073171	56.7207	3600.0	131.27	power	0.2	41	14
1	1	25.0407879353	3	2	2	1.5	56.7207	3600.0	45.65	power	0.1	4	14
1	1	15.5323979855	4	2	2	1.6	56.7207	3600.0	48.35	power	0.1	5	14
1	1	14.516438961	6	2	3	1.73333333333	56.7207	3600.0	45.02	power	0.1	6	14
1	1	15.9205448627	8	2	3	1.80952380952	56.7207	3600.0	47.55	power	0.1	7	14
1	1	15.2034258842	10	2	4	1.92857142857	56.7207	3600.0	49.21	power	0.1	8	14
1	1	14.8999228477	12	2	4	2.0	56.7207	3600.0	51.24	power	0.1	9	14
1	1	13.7088360786	13	2	4	2.13333333333	56.7207	3600.0	54.6	power	0.1	10	14
1	1	17.6392760277	14	2	4	2.25454545455	56.7207	3600.0	61.01	power	0.1	11	14
1	1	13.6642069817	15	2	4	2.36363636364	56.7207	3600.0	63.49	power	0.1	12	14
1	1	23.1957390308	16	2	4	2.46153846154	56.7207	3600.0	64.83	power	0.1	13	14
1	1	16.0670599937	18	2	5	2.56043956044	56.7207	3600.0	58.54	power	0.1	14	14
1	1	15.6184008121	20	2	5	2.64761904762	56.7207	3600.0	60.94	power	0.1	15	14
1	1	14.5616950989	22	2	6	2.74166666667	56.7207	3600.0	62.46	power	0.1	16	14
1	1	14.4564578533	24	2	6	2.82352941176	56.7207	3600.0	64.34	power	0.1	17	14
1	1	14.9583508968	26	2	6	2.86928104575	56.7207	3600.0	67.91	power	0.1	18	14
1	1	17.2266499996	28	2	6	2.91228070175	56.7207	3600.0	70.81	power	0.1	19	14
1	1	15.4217431545	30	2	6	2.96315789474	56.7207	3600.0	72.52	power	0.1	20	14
1	1	17.5954370499	32	2	6	3.00952380952	56.7207	3600.0	74.0	power	0.1	21	14
1	1	15.7803339958	33	2	6	3.1038961039	56.7207	3600.0	76.89	power	0.1	22	14
1	1	16.1453769207	34	2	6	3.19367588933	56.7207	3600.0	82.63	power	0.1	23	14
1	1	23.3752632141	35	2	6	3.27898550725	56.7207	3600.0	84.7	power	0.1	24	14
1	1	15.761785984	36	2	6	3.36	56.7207	3600.0	85.77	power	0.1	25	14
1	1	16.4439129829	38	2	7	3.44	56.7207	3600.0	75.89	power	0.1	26	14
1	1	14.6598601341	40	2	7	3.51566951567	56.7207	3600.0	77.58	power	0.1	27	14
1	1	14.5647149086	42	2	8	3.59259259259	56.7207	3600.0	78.5	power	0.1	28	14
1	1	16.13448596	44	2	8	3.66502463054	56.7207	3600.0	79.83	power	0.1	29	14
1	1	16.3398449421	46	2	8	3.70574712644	56.7207	3600.0	82.75	power	0.1	30	14
1	1	15.9390561581	48	2	8	3.74193548387	56.7207	3600.0	85.24	power	0.1	31	14
1	1	16.6398530006	50	2	8	3.78225806452	56.7207	3600.0	86.5	power	0.1	32	14
1	1	15.7325110435	52	2	8	3.81818181818	56.7207	3600.0	87.81	power	0.1	33	14
1	1	17.1058499813	54	2	8	3.86096256684	56.7207	3600.0	90.19	power	0.1	34	14
1	1	23.2220959663	56	2	8	3.9025210084	56.7207	3600.0	93.11	power	0.1	35	14
1	1	18.3449149132	58	2	8	3.94603174603	56.7207	3600.0	94.53	power	0.1	36	14
1	1	13.5701990128	60	2	8	3.98798798799	56.7207	3600.0	95.54	power	0.1	37	14
1	1	15.6631510258	61	2	8	4.06258890469	56.7207	3600.0	97.34	power	0.1	38	14
1	1	16.0162858963	62	2	8	4.13495276653	56.7207	3600.0	102.18	power	0.1	39	14
1	1	16.26146698	63	2	8	4.20512820513	56.7207	3600.0	103.72	power	0.1	40	14
1	1	14.5361800194	64	2	8	4.27317073171	56.7207	3600.0	104.5	power	0.1	41	14
