trial	chips_added_at_a_time	execution_time	edges	levels	diameter	ASPL	power	frequency	tempurature	picked_by	overlap	numchips	candidates
1	3	463.723106146	10	3	4	2.16666666667	41.9991	3200.0	45.06	network	0.2	9	14
2	3	466.615505934	10	3	5	2.33333333333	41.9991	3200.0	45.24	network	0.2	9	14
3	3	183.645252943	8	3	5	2.66666666667	56.7207	3600.0	48.67	network	0.2	9	14
4	3	482.5739429	11	3	4	2.11111111111	41.9991	3200.0	45.17	network	0.2	9	14
5	3	339.738684893	9	3	5	2.33333333333	41.9991	3200.0	44.8	network	0.2	9	14
6	3	360.061730862	8	3	6	2.83333333333	56.7207	3600.0	49.76	network	0.2	9	14
7	3	366.525011778	10	2	4	2.11111111111	41.9991	3200.0	48.5	network	0.2	9	14
8	3	421.113083839	9	3	6	2.66666666667	56.7207	3600.0	47.58	network	0.2	9	14
9	3	387.450093031	8	3	7	3.16666666667	56.7207	3600.0	46.02	network	0.2	9	14
10	3	284.636682034	9	4	5	2.5	56.7207	3600.0	47.61	network	0.2	9	14
1	2	796.313143015	9	4	5	2.5	56.7207	3600.0	48.32	network	0.2	9	14
2	2	588.083567858	10	3	6	2.44444444444	41.9991	3200.0	43.9	network	0.2	9	14
3	2	543.067981005	11	3	5	2.16666666667	56.7207	3600.0	49.16	network	0.2	9	14
4	2	564.143023968	8	4	5	2.66666666667	56.7207	3600.0	49.51	network	0.2	9	14
5	2	201.697031975	9	3	6	2.72222222222	56.7207	3600.0	46.75	network	0.2	9	14
6	2	258.004088879	10	4	4	2.16666666667	56.7207	3600.0	47.99	network	0.2	9	14
7	2	355.885996103	9	3	5	2.55555555556	56.7207	3600.0	49.04	network	0.2	9	14
8	2	620.138932943	9	4	4	2.33333333333	41.9991	3200.0	44.05	network	0.2	9	14
9	2	686.489536047	9	4	5	2.5	41.9991	3200.0	45.23	network	0.2	9	14
10	2	516.044938087	10	3	5	2.27777777778	41.9991	3200.0	44.46	network	0.2	9	14
1	1	1156.49130511	10	3	4	2.22222222222	41.9991	3200.0	44.96	network	0.2	9	14
2	1	1163.50425887	10	4	5	2.27777777778	41.9991	3200.0	44.37	network	0.2	9	14
3	1	741.316779137	10	4	5	2.27777777778	56.7207	3600.0	49.26	network	0.2	9	14
4	1	1072.24053693	9	3	6	2.55555555556	41.9991	3200.0	44.6	network	0.2	9	14
5	1	600.876991034	9	4	6	2.66666666667	56.7207	3600.0	46.49	network	0.2	9	14
6	1	1086.0049119	10	3	4	2.22222222222	41.9991	3200.0	45.22	network	0.2	9	14
7	1	759.128985882	9	3	5	2.5	41.9991	3200.0	44.1	network	0.2	9	14
8	1	475.571853876	8	4	7	3.05555555556	56.7207	3600.0	45.28	network	0.2	9	14
9	1	1196.73995185	8	4	5	2.55555555556	41.9991	3200.0	44.49	network	0.2	9	14
10	1	711.662943125	8	4	7	3.0	56.7207	3600.0	44.06	network	0.2	9	14
1	cradle	385.284489155	8	4	6	3.0	41.9991	3200.0	43.9	network	0.2	9	14
2	cradle	280.009593964	9	2	5	2.55555555556	56.7207	3600.0	48.2	network	0.2	9	14
3	cradle	227.246973991	9	3	5	2.5	56.7207	3600.0	47.52	network	0.2	9	14
4	cradle	160.872772932	8	4	5	2.66666666667	56.7207	3600.0	46.44	network	0.2	9	14
5	cradle	280.206151962	8	4	6	2.83333333333	56.7207	3600.0	48.21	network	0.2	9	14
6	cradle	394.152580976	11	4	5	2.22222222222	41.9991	3200.0	44.29	network	0.2	9	14
7	cradle	145.760802984	8	3	7	3.16666666667	56.7207	3600.0	45.34	network	0.2	9	14
8	cradle	104.545543909	8	3	8	3.33333333333	56.7207	3600.0	44.0	network	0.2	9	14
9	cradle	378.962692022	10	3	5	2.22222222222	41.9991	3200.0	44.76	network	0.2	9	14
10	cradle	147.242136002	9	3	7	2.88888888889	56.7207	3600.0	46.4	network	0.2	9	14
1	3	63.2114560604	5	3	5	2.33333333333	56.7207	3600.0	43.94	network	0.2	6	14
2	3	64.0097608566	5	3	3	1.93333333333	56.7207	3600.0	45.41	network	0.2	6	14
3	3	75.1924378872	5	4	4	2.13333333333	56.7207	3600.0	44.35	network	0.2	6	14
4	3	88.1908080578	5	3	4	2.13333333333	56.7207	3600.0	44.83	network	0.2	6	14
5	3	74.8691751957	5	4	5	2.33333333333	56.7207	3600.0	43.49	network	0.2	6	14
6	3	89.8672089577	5	2	3	1.86666666667	56.7207	3600.0	49.25	network	0.2	6	14
7	3	74.8776831627	5	3	3	1.86666666667	56.7207	3600.0	45.65	network	0.2	6	14
8	3	89.1926369667	6	3	3	1.8	56.7207	3600.0	45.72	network	0.2	6	14
9	3	63.2955238819	5	3	4	2.13333333333	56.7207	3600.0	45.86	network	0.2	6	14
10	3	74.4856619835	6	3	3	1.8	56.7207	3600.0	45.02	network	0.2	6	14
1	2	129.766638994	5	3	4	2.06666666667	56.7207	3600.0	44.98	network	0.2	6	14
2	2	130.683027983	5	4	4	2.13333333333	56.7207	3600.0	44.48	network	0.2	6	14
3	2	102.157608986	6	2	3	1.73333333333	56.7207	3600.0	48.0	network	0.2	6	14
4	2	141.670324087	5	3	3	1.86666666667	56.7207	3600.0	45.98	network	0.2	6	14
5	2	130.751030207	5	3	4	2.13333333333	56.7207	3600.0	43.83	network	0.2	6	14
6	2	91.063475132	6	2	3	1.73333333333	56.7207	3600.0	48.0	network	0.2	6	14
7	2	169.518468857	6	3	3	1.73333333333	56.7207	3600.0	45.97	network	0.2	6	14
8	2	143.676756859	6	3	3	1.8	56.7207	3600.0	45.76	network	0.2	6	14
9	2	116.984375954	6	2	4	1.86666666667	56.7207	3600.0	44.68	network	0.2	6	14
10	2	89.9155650139	5	2	4	2.06666666667	56.7207	3600.0	46.04	network	0.2	6	14
1	1	184.619959116	5	3	4	2.13333333333	56.7207	3600.0	46.08	network	0.2	6	14
2	1	187.109661102	5	3	3	1.86666666667	56.7207	3600.0	46.1	network	0.2	6	14
3	1	245.561803102	5	4	4	2.06666666667	56.7207	3600.0	43.78	network	0.2	6	14
4	1	200.914332151	5	3	4	2.06666666667	56.7207	3600.0	44.93	network	0.2	6	14
5	1	226.786144018	5	2	3	1.86666666667	56.7207	3600.0	49.82	network	0.2	6	14
6	1	159.202936888	6	3	3	1.8	56.7207	3600.0	45.47	network	0.2	6	14
7	1	198.216742039	5	3	4	2.13333333333	56.7207	3600.0	42.68	network	0.2	6	14
8	1	173.693160057	6	3	3	1.8	56.7207	3600.0	45.72	network	0.2	6	14
9	1	161.761480093	5	3	4	2.13333333333	56.7207	3600.0	43.61	network	0.2	6	14
10	1	241.767983913	5	4	4	2.13333333333	56.7207	3600.0	41.06	network	0.2	6	14
1	cradle	62.4984428883	7	3	3	1.66666666667	56.7207	3600.0	46.77	network	0.2	6	14
2	cradle	61.92217803	5	2	4	2.13333333333	56.7207	3600.0	46.03	network	0.2	6	14
3	cradle	48.4260640144	5	2	5	2.33333333333	56.7207	3600.0	43.25	network	0.2	6	14
4	cradle	62.9537389278	7	3	3	1.66666666667	56.7207	3600.0	45.29	network	0.2	6	14
5	cradle	73.8278748989	5	2	4	2.13333333333	56.7207	3600.0	46.83	network	0.2	6	14
6	cradle	73.9158480167	6	2	4	1.86666666667	56.7207	3600.0	47.41	network	0.2	6	14
7	cradle	62.8154821396	5	2	5	2.33333333333	56.7207	3600.0	40.52	network	0.2	6	14
8	cradle	49.7223339081	5	2	4	2.13333333333	56.7207	3600.0	46.03	network	0.2	6	14
9	cradle	62.3824810982	7	3	3	1.66666666667	56.7207	3600.0	45.29	network	0.2	6	14
10	cradle	62.3237550259	6	2	4	1.86666666667	56.7207	3600.0	49.55	network	0.2	6	14
1	3	243.841192007	9	4	4	2.38888888889	56.7207	3600.0	47.37	network	0.1	9	14
2	3	261.830723047	9	4	5	2.5	56.7207	3600.0	46.93	network	0.1	9	14
3	3	160.53284502	10	4	4	2.16666666667	56.7207	3600.0	48.3	network	0.1	9	14
4	3	369.602904081	8	3	5	2.55555555556	41.9991	3200.0	44.75	network	0.1	9	14
5	3	242.932934999	11	4	4	2.05555555556	56.7207	3600.0	45.91	network	0.1	9	14
6	3	215.916124105	8	5	5	2.66666666667	56.7207	3600.0	43.62	network	0.1	9	14
7	3	337.148780823	10	3	4	2.22222222222	56.7207	3600.0	48.81	network	0.1	9	14
8	3	169.751578808	9	3	6	2.66666666667	56.7207	3600.0	47.27	network	0.1	9	14
9	3	507.740859032	9	3	4	2.33333333333	56.7207	3600.0	48.02	network	0.1	9	14
10	3	317.585289001	9	4	6	2.72222222222	56.7207	3600.0	44.75	network	0.1	9	14
1	2	215.310770035	10	3	5	2.33333333333	56.7207	3600.0	47.26	network	0.1	9	14
2	2	211.903433084	8	3	6	2.66666666667	56.7207	3600.0	45.05	network	0.1	9	14
3	2	306.615553856	9	3	5	2.38888888889	56.7207	3600.0	47.96	network	0.1	9	14
4	2	304.7321558	10	3	5	2.38888888889	56.7207	3600.0	47.29	network	0.1	9	14
5	2	184.260784864	10	3	6	2.55555555556	56.7207	3600.0	44.82	network	0.1	9	14
6	2	255.669718027	11	4	4	2.11111111111	56.7207	3600.0	45.12	network	0.1	9	14
7	2	351.887350798	10	3	4	2.22222222222	41.9991	3200.0	43.57	network	0.1	9	14
8	2	280.682307005	10	3	4	2.22222222222	56.7207	3600.0	48.52	network	0.1	9	14
9	2	209.752228975	9	4	6	2.72222222222	56.7207	3600.0	44.59	network	0.1	9	14
10	2	268.359679222	10	4	5	2.27777777778	56.7207	3600.0	47.35	network	0.1	9	14
1	1	574.105453968	9	5	5	2.38888888889	56.7207	3600.0	46.0	network	0.1	9	14
2	1	279.316723824	9	3	6	2.77777777778	56.7207	3600.0	44.34	network	0.1	9	14
3	1	450.865291834	11	4	4	2.11111111111	56.7207	3600.0	46.57	network	0.1	9	14
4	1	407.510114908	11	4	4	2.11111111111	56.7207	3600.0	49.33	network	0.1	9	14
5	1	473.669355154	9	4	5	2.38888888889	56.7207	3600.0	45.31	network	0.1	9	14
6	1	489.401718855	9	4	5	2.5	56.7207	3600.0	45.33	network	0.1	9	14
7	1	533.266132116	8	4	4	2.44444444444	56.7207	3600.0	47.78	network	0.1	9	14
8	1	622.264005899	8	5	6	2.72222222222	56.7207	3600.0	43.8	network	0.1	9	14
9	1	417.642333984	10	4	5	2.33333333333	56.7207	3600.0	46.76	network	0.1	9	14
10	1	461.104815006	10	3	4	2.22222222222	56.7207	3600.0	48.32	network	0.1	9	14
1	cradle	116.184013128	9	3	5	2.55555555556	56.7207	3600.0	46.73	network	0.1	9	14
2	cradle	159.100823879	8	4	6	2.83333333333	56.7207	3600.0	45.85	network	0.1	9	14
3	cradle	141.504299879	10	3	5	2.27777777778	56.7207	3600.0	47.1	network	0.1	9	14
4	cradle	132.64337492	9	3	7	2.88888888889	56.7207	3600.0	47.46	network	0.1	9	14
5	cradle	115.755818129	10	2	6	2.55555555556	56.7207	3600.0	42.33	network	0.1	9	14
6	cradle	209.674664974	10	4	5	2.38888888889	56.7207	3600.0	45.2	network	0.1	9	14
7	cradle	118.64430809	8	2	6	2.66666666667	56.7207	3600.0	47.57	network	0.1	9	14
8	cradle	169.069718838	10	2	5	2.38888888889	56.7207	3600.0	44.24	network	0.1	9	14
9	cradle	276.942800045	8	3	7	3.16666666667	56.7207	3600.0	45.28	network	0.1	9	14
10	cradle	132.157781839	11	3	4	2.11111111111	56.7207	3600.0	48.85	network	0.1	9	14
1	3	62.8025951385	5	3	4	2.06666666667	56.7207	3600.0	42.55	network	0.1	6	14
2	3	62.5792610645	5	3	4	2.06666666667	56.7207	3600.0	42.02	network	0.1	6	14
3	3	88.1767320633	5	2	4	2.13333333333	56.7207	3600.0	42.43	network	0.1	6	14
4	3	74.8693358898	6	4	4	1.86666666667	56.7207	3600.0	40.16	network	0.1	6	14
5	3	73.27637887	5	3	4	2.06666666667	56.7207	3600.0	43.85	network	0.1	6	14
6	3	74.8112549782	5	3	4	2.06666666667	56.7207	3600.0	41.77	network	0.1	6	14
7	3	63.3917319775	6	3	3	1.8	56.7207	3600.0	43.4	network	0.1	6	14
8	3	75.4474999905	6	3	3	1.8	56.7207	3600.0	42.11	network	0.1	6	14
9	3	74.5614230633	5	3	4	2.06666666667	56.7207	3600.0	44.88	network	0.1	6	14
10	3	76.5390617847	5	3	4	2.13333333333	56.7207	3600.0	41.6	network	0.1	6	14
1	2	117.999644041	5	3	4	2.06666666667	56.7207	3600.0	41.71	network	0.1	6	14
2	2	115.085499048	6	2	3	1.8	56.7207	3600.0	44.89	network	0.1	6	14
3	2	130.858197927	6	3	4	1.93333333333	56.7207	3600.0	41.98	network	0.1	6	14
4	2	131.88624692	6	3	3	1.8	56.7207	3600.0	43.4	network	0.1	6	14
5	2	104.615282059	5	2	4	2.06666666667	56.7207	3600.0	43.33	network	0.1	6	14
6	2	131.901425123	5	3	4	2.06666666667	56.7207	3600.0	41.78	network	0.1	6	14
7	2	118.553927898	6	3	4	1.86666666667	56.7207	3600.0	41.05	network	0.1	6	14
8	2	103.521903992	6	3	3	1.73333333333	56.7207	3600.0	42.62	network	0.1	6	14
9	2	143.126863003	5	4	5	2.33333333333	56.7207	3600.0	39.75	network	0.1	6	14
10	2	102.072866201	6	2	4	1.93333333333	56.7207	3600.0	43.16	network	0.1	6	14
1	1	143.838282824	5	2	4	2.13333333333	56.7207	3600.0	43.5	network	0.1	6	14
2	1	199.76134491	5	3	4	2.13333333333	56.7207	3600.0	41.44	network	0.1	6	14
3	1	200.061103106	5	3	3	1.86666666667	56.7207	3600.0	44.98	network	0.1	6	14
4	1	171.52828598	5	3	4	2.06666666667	56.7207	3600.0	42.22	network	0.1	6	14
5	1	183.85652113	5	4	4	2.06666666667	56.7207	3600.0	42.13	network	0.1	6	14
6	1	170.52758193	6	3	3	1.8	56.7207	3600.0	43.4	network	0.1	6	14
7	1	172.464041948	6	3	4	1.93333333333	56.7207	3600.0	42.23	network	0.1	6	14
8	1	198.856192112	6	4	4	1.86666666667	56.7207	3600.0	40.16	network	0.1	6	14
9	1	171.529578924	5	3	3	1.93333333333	56.7207	3600.0	44.21	network	0.1	6	14
10	1	171.189820051	5	3	4	2.06666666667	56.7207	3600.0	44.87	network	0.1	6	14
1	cradle	59.8643391132	5	2	5	2.33333333333	56.7207	3600.0	39.07	network	0.1	6	14
2	cradle	62.4384889603	5	2	5	2.33333333333	56.7207	3600.0	39.12	network	0.1	6	14
3	cradle	61.5561110973	7	3	3	1.66666666667	56.7207	3600.0	44.16	network	0.1	6	14
4	cradle	75.588201046	5	3	5	2.33333333333	56.7207	3600.0	39.13	network	0.1	6	14
5	cradle	61.8418178558	6	3	3	1.8	56.7207	3600.0	42.29	network	0.1	6	14
6	cradle	61.9499468803	5	2	5	2.33333333333	56.7207	3600.0	39.26	network	0.1	6	14
7	cradle	73.6219160557	7	3	3	1.66666666667	56.7207	3600.0	44.16	network	0.1	6	14
8	cradle	48.361011982	6	2	4	1.86666666667	56.7207	3600.0	45.77	network	0.1	6	14
9	cradle	62.9226379395	5	3	5	2.33333333333	56.7207	3600.0	40.34	network	0.1	6	14
10	cradle	63.6233270168	7	3	3	1.66666666667	56.7207	3600.0	42.33	network	0.1	6	14
1	3	322.72636199	9	3	6	2.77777777778	41.9991	3200.0	43.65	temp	0.2	9	14
2	3	426.086418867	10	4	5	2.27777777778	41.9991	3200.0	43.53	temp	0.2	9	14
3	3	392.940403938	9	2	6	2.61111111111	41.9991	3200.0	44.83	temp	0.2	9	14
4	3	379.416331053	10	3	5	2.27777777778	41.9991	3200.0	44.55	temp	0.2	9	14
5	3	592.995223999	8	5	8	3.33333333333	56.7207	3600.0	42.71	temp	0.2	9	14
6	3	516.036967039	9	4	5	2.38888888889	41.9991	3200.0	43.7	temp	0.2	9	14
7	3	445.238456011	8	4	6	2.66666666667	41.9991	3200.0	43.58	temp	0.2	9	14
8	3	183.326104879	8	4	7	3.05555555556	56.7207	3600.0	45.21	temp	0.2	9	14
9	3	187.349890947	8	4	8	3.33333333333	56.7207	3600.0	43.5	temp	0.2	9	14
10	3	440.541779995	9	3	5	2.5	41.9991	3200.0	44.38	temp	0.2	9	14
1	2	672.558817863	8	6	6	2.83333333333	56.7207	3600.0	46.14	temp	0.2	9	14
2	2	344.484869003	8	5	8	3.33333333333	56.7207	3600.0	45.26	temp	0.2	9	14
3	2	348.84943819	8	5	7	3.05555555556	56.7207	3600.0	43.56	temp	0.2	9	14
4	2	373.959708929	10	5	6	2.44444444444	56.7207	3600.0	43.64	temp	0.2	9	14
5	2	252.103806973	8	5	7	3.05555555556	56.7207	3600.0	45.12	temp	0.2	9	14
6	2	355.586127043	8	5	7	3.0	56.7207	3600.0	43.02	temp	0.2	9	14
7	2	406.006689072	8	4	6	3.0	56.7207	3600.0	47.42	temp	0.2	9	14
8	2	346.841445923	8	6	6	2.72222222222	56.7207	3600.0	43.14	temp	0.2	9	14
9	2	333.979856014	8	5	8	3.33333333333	56.7207	3600.0	41.15	temp	0.2	9	14
10	2	426.431534052	8	7	8	3.33333333333	56.7207	3600.0	41.7	temp	0.2	9	14
1	1	706.075585127	8	6	7	3.0	56.7207	3600.0	44.08	temp	0.2	9	14
2	1	494.8767519	8	4	7	3.16666666667	56.7207	3600.0	43.82	temp	0.2	9	14
3	1	1015.85490394	8	8	8	3.33333333333	56.7207	3600.0	39.89	temp	0.2	9	14
4	1	757.179380894	8	6	6	2.88888888889	56.7207	3600.0	43.89	temp	0.2	9	14
5	1	1050.5714469	8	8	8	3.33333333333	56.7207	3600.0	44.31	temp	0.2	9	14
6	1	717.171836138	8	6	8	3.33333333333	56.7207	3600.0	43.89	temp	0.2	9	14
7	1	883.581755877	8	7	7	3.05555555556	56.7207	3600.0	45.37	temp	0.2	9	14
8	1	479.979933023	8	4	8	3.33333333333	56.7207	3600.0	44.11	temp	0.2	9	14
9	1	573.524888992	8	4	8	3.33333333333	56.7207	3600.0	42.64	temp	0.2	9	14
10	1	994.966511011	8	7	8	3.33333333333	56.7207	3600.0	44.54	temp	0.2	9	14
1	cradle	101030.757053	0	0	0	0	0	0	0	temp	0.2	9	14
2	cradle	157.625273943	8	4	8	3.33333333333	56.7207	3600.0	42.23	temp	0.2	9	14
3	cradle	28458.1028821	0	0	0	0	0	0	0	temp	0.2	9	14
4	cradle	146.359313011	8	3	8	3.33333333333	56.7207	3600.0	41.24	temp	0.2	9	14
5	cradle	22299.010675	0	0	0	0	0	0	0	temp	0.2	9	14
6	cradle	132.484208107	8	4	8	3.33333333333	56.7207	3600.0	40.61	temp	0.2	9	14
7	cradle	574.292900801	0	0	0	0	0	0	0	temp	0.2	9	14
8	cradle	154.103722095	8	3	8	3.33333333333	56.7207	3600.0	44.58	temp	0.2	9	14
9	cradle	131.811018944	8	4	8	3.33333333333	56.7207	3600.0	41.3	temp	0.2	9	14
10	cradle	143.460864782	8	3	8	3.33333333333	56.7207	3600.0	41.99	temp	0.2	9	14
1	3	113.743115187	6	4	4	1.86666666667	56.7207	3600.0	41.47	temp	0.2	6	14
2	3	88.8730421066	5	4	4	2.13333333333	56.7207	3600.0	46.11	temp	0.2	6	14
3	3	128.406273127	6	2	3	1.73333333333	41.9991	3200.0	43.93	temp	0.2	6	14
4	3	75.5202319622	5	2	4	2.06666666667	56.7207	3600.0	46.25	temp	0.2	6	14
5	3	87.6884639263	5	4	5	2.33333333333	56.7207	3600.0	42.57	temp	0.2	6	14
6	3	114.196404934	5	3	5	2.33333333333	56.7207	3600.0	43.41	temp	0.2	6	14
7	3	114.705206871	5	3	5	2.33333333333	56.7207	3600.0	43.56	temp	0.2	6	14
8	3	75.4064769745	5	4	5	2.33333333333	56.7207	3600.0	40.82	temp	0.2	6	14
9	3	62.6891098022	5	3	4	2.06666666667	56.7207	3600.0	44.79	temp	0.2	6	14
10	3	73.6868789196	6	3	4	1.93333333333	56.7207	3600.0	45.02	temp	0.2	6	14
1	2	102.605402946	5	2	5	2.33333333333	56.7207	3600.0	43.46	temp	0.2	6	14
2	2	131.310312986	6	4	4	1.86666666667	56.7207	3600.0	41.47	temp	0.2	6	14
3	2	173.775357962	5	4	5	2.33333333333	56.7207	3600.0	42.37	temp	0.2	6	14
4	2	174.269261122	5	5	5	2.33333333333	56.7207	3600.0	42.03	temp	0.2	6	14
5	2	147.342573881	5	4	5	2.33333333333	56.7207	3600.0	40.49	temp	0.2	6	14
6	2	187.20318985	5	5	5	2.33333333333	56.7207	3600.0	42.27	temp	0.2	6	14
7	2	130.268621922	5	3	5	2.33333333333	56.7207	3600.0	43.18	temp	0.2	6	14
8	2	177.724583149	5	5	5	2.33333333333	56.7207	3600.0	39.29	temp	0.2	6	14
9	2	130.926107168	5	4	5	2.33333333333	56.7207	3600.0	42.63	temp	0.2	6	14
10	2	140.903081894	5	4	5	2.33333333333	56.7207	3600.0	43.15	temp	0.2	6	14
1	1	199.355395079	5	4	5	2.33333333333	56.7207	3600.0	40.39	temp	0.2	6	14
2	1	190.240880966	5	4	5	2.33333333333	56.7207	3600.0	42.85	temp	0.2	6	14
3	1	237.951769114	5	5	5	2.33333333333	56.7207	3600.0	42.27	temp	0.2	6	14
4	1	228.658484936	5	5	5	2.33333333333	56.7207	3600.0	42.62	temp	0.2	6	14
5	1	174.971465826	5	4	5	2.33333333333	56.7207	3600.0	43.45	temp	0.2	6	14
6	1	229.906796217	5	4	5	2.33333333333	56.7207	3600.0	42.13	temp	0.2	6	14
7	1	212.409966946	5	4	5	2.33333333333	56.7207	3600.0	42.9	temp	0.2	6	14
8	1	270.918397903	5	5	5	2.33333333333	56.7207	3600.0	42.27	temp	0.2	6	14
9	1	185.573577881	5	3	5	2.33333333333	56.7207	3600.0	41.58	temp	0.2	6	14
10	1	158.862366199	5	4	5	2.33333333333	56.7207	3600.0	40.53	temp	0.2	6	14
1	cradle	48.849973917	5	2	5	2.33333333333	56.7207	3600.0	40.81	temp	0.2	6	14
2	cradle	62.6189358234	5	3	5	2.33333333333	56.7207	3600.0	40.77	temp	0.2	6	14
3	cradle	61.6849479675	5	2	5	2.33333333333	56.7207	3600.0	39.83	temp	0.2	6	14
4	cradle	48.2146029472	5	2	5	2.33333333333	56.7207	3600.0	41.41	temp	0.2	6	14
5	cradle	61.3082151413	5	2	5	2.33333333333	56.7207	3600.0	41.41	temp	0.2	6	14
6	cradle	61.9143559933	5	3	5	2.33333333333	56.7207	3600.0	43.62	temp	0.2	6	14
7	cradle	61.8385519981	5	3	5	2.33333333333	56.7207	3600.0	40.77	temp	0.2	6	14
8	cradle	63.3679599762	5	3	5	2.33333333333	56.7207	3600.0	40.75	temp	0.2	6	14
9	cradle	74.6107909679	5	3	5	2.33333333333	56.7207	3600.0	41.3	temp	0.2	6	14
10	cradle	61.328635931	5	3	5	2.33333333333	56.7207	3600.0	40.66	temp	0.2	6	14
1	3	169.744181871	10	2	6	2.44444444444	56.7207	3600.0	46.01	temp	0.1	9	14
2	3	309.202261925	11	4	5	2.22222222222	56.7207	3600.0	45.2	temp	0.1	9	14
3	3	273.565711975	8	6	7	3.0	56.7207	3600.0	40.48	temp	0.1	9	14
4	3	264.415807962	9	2	6	2.55555555556	41.9991	3200.0	43.58	temp	0.1	9	14
5	3	349.080552101	8	6	7	3.0	56.7207	3600.0	40.44	temp	0.1	9	14
6	3	183.910750151	8	4	7	3.0	56.7207	3600.0	41.32	temp	0.1	9	14
7	3	197.792052031	8	3	7	3.16666666667	56.7207	3600.0	43.49	temp	0.1	9	14
8	3	145.043230057	8	4	7	3.0	56.7207	3600.0	41.78	temp	0.1	9	14
9	3	146.494730949	8	4	7	3.05555555556	56.7207	3600.0	43.49	temp	0.1	9	14
10	3	186.797317028	9	5	6	2.66666666667	56.7207	3600.0	42.4	temp	0.1	9	14
1	2	259.446790934	8	5	7	3.0	56.7207	3600.0	42.98	temp	0.1	9	14
2	2	241.844798088	9	5	6	2.66666666667	56.7207	3600.0	44.96	temp	0.1	9	14
3	2	282.281539917	8	4	7	3.0	56.7207	3600.0	41.32	temp	0.1	9	14
4	2	251.596750975	8	4	8	3.33333333333	56.7207	3600.0	43.74	temp	0.1	9	14
5	2	434.417935133	9	4	5	2.33333333333	41.9991	3200.0	43.8	temp	0.1	9	14
6	2	369.259482145	8	6	8	3.33333333333	56.7207	3600.0	39.78	temp	0.1	9	14
7	2	202.011253834	8	4	7	3.05555555556	56.7207	3600.0	41.1	temp	0.1	9	14
8	2	212.886345148	8	4	8	3.33333333333	56.7207	3600.0	41.63	temp	0.1	9	14
9	2	200.834340096	8	3	7	3.0	56.7207	3600.0	43.01	temp	0.1	9	14
10	2	371.416813135	8	5	7	3.0	56.7207	3600.0	43.21	temp	0.1	9	14
1	1	970.505773067	8	7	8	3.33333333333	56.7207	3600.0	41.74	temp	0.1	9	14
2	1	505.254127026	8	4	8	3.33333333333	56.7207	3600.0	42.35	temp	0.1	9	14
3	1	384.21340394	9	3	6	2.55555555556	56.7207	3600.0	44.31	temp	0.1	9	14
4	1	528.425824165	8	5	8	3.33333333333	56.7207	3600.0	41.34	temp	0.1	9	14
5	1	715.258068085	8	5	8	3.33333333333	56.7207	3600.0	39.03	temp	0.1	9	14
6	1	800.588438034	8	6	8	3.33333333333	56.7207	3600.0	42.01	temp	0.1	9	14
7	1	403.680976868	10	4	6	2.44444444444	56.7207	3600.0	42.03	temp	0.1	9	14
8	1	389.795209885	8	3	6	2.83333333333	56.7207	3600.0	43.89	temp	0.1	9	14
9	1	819.562433004	8	7	8	3.33333333333	56.7207	3600.0	42.29	temp	0.1	9	14
10	1	704.091316938	8	5	8	3.33333333333	56.7207	3600.0	39.91	temp	0.1	9	14
1	cradle	129.764322042	8	4	8	3.33333333333	56.7207	3600.0	39.57	temp	0.1	9	14
2	cradle	128.884975195	8	2	8	3.33333333333	56.7207	3600.0	41.06	temp	0.1	9	14
3	cradle	131.330193043	8	4	8	3.33333333333	56.7207	3600.0	40.66	temp	0.1	9	14
4	cradle	20352.0237341	0	0	0	0	0	0	0	temp	0.1	9	14
5	cradle	439.409795046	0	0	0	0	0	0	0	temp	0.1	9	14
6	cradle	129.248439074	8	2	8	3.33333333333	56.7207	3600.0	40.58	temp	0.1	9	14
7	cradle	171.242601871	8	4	8	3.33333333333	56.7207	3600.0	39.54	temp	0.1	9	14
8	cradle	161.364162922	8	3	8	3.33333333333	56.7207	3600.0	41.46	temp	0.1	9	14
9	cradle	133.434956074	8	3	8	3.33333333333	56.7207	3600.0	40.6	temp	0.1	9	14
10	cradle	117.94707489	8	2	8	3.33333333333	56.7207	3600.0	41.3	temp	0.1	9	14
1	3	73.3006968498	5	3	4	2.06666666667	56.7207	3600.0	40.89	temp	0.1	6	14
2	3	65.9735081196	5	3	5	2.33333333333	56.7207	3600.0	40.89	temp	0.1	6	14
3	3	62.1741530895	5	2	4	2.06666666667	56.7207	3600.0	44.39	temp	0.1	6	14
4	3	113.698510885	6	2	3	1.73333333333	56.7207	3600.0	44.35	temp	0.1	6	14
5	3	73.248707056	5	3	5	2.33333333333	56.7207	3600.0	39.13	temp	0.1	6	14
6	3	61.3633830547	5	3	5	2.33333333333	56.7207	3600.0	41.53	temp	0.1	6	14
7	3	101.490714073	5	5	5	2.33333333333	56.7207	3600.0	38.99	temp	0.1	6	14
8	3	84.0466029644	5	3	4	2.06666666667	56.7207	3600.0	41.97	temp	0.1	6	14
9	3	88.278234005	5	3	5	2.33333333333	56.7207	3600.0	41.68	temp	0.1	6	14
10	3	64.368983984	5	3	5	2.33333333333	56.7207	3600.0	40.15	temp	0.1	6	14
1	2	140.840872049	5	4	5	2.33333333333	56.7207	3600.0	40.69	temp	0.1	6	14
2	2	143.189327955	5	4	5	2.33333333333	56.7207	3600.0	41.03	temp	0.1	6	14
3	2	124.182731152	5	3	5	2.33333333333	56.7207	3600.0	39.56	temp	0.1	6	14
4	2	196.597142935	5	4	5	2.33333333333	56.7207	3600.0	40.05	temp	0.1	6	14
5	2	139.098176956	5	3	5	2.33333333333	56.7207	3600.0	40.13	temp	0.1	6	14
6	2	152.009287119	5	4	5	2.33333333333	56.7207	3600.0	40.74	temp	0.1	6	14
7	2	151.750344992	5	4	5	2.33333333333	56.7207	3600.0	39.43	temp	0.1	6	14
8	2	116.326486111	5	3	5	2.33333333333	56.7207	3600.0	39.5	temp	0.1	6	14
9	2	165.695875883	5	4	5	2.33333333333	56.7207	3600.0	40.05	temp	0.1	6	14
10	2	114.908401012	5	3	5	2.33333333333	56.7207	3600.0	41.95	temp	0.1	6	14
1	1	182.760622978	5	4	5	2.33333333333	56.7207	3600.0	39.42	temp	0.1	6	14
2	1	192.305069923	5	3	4	2.06666666667	56.7207	3600.0	40.9	temp	0.1	6	14
3	1	247.020843029	5	5	5	2.33333333333	56.7207	3600.0	38.27	temp	0.1	6	14
4	1	221.428792	5	4	5	2.33333333333	56.7207	3600.0	39.76	temp	0.1	6	14
5	1	262.149885893	5	5	5	2.33333333333	56.7207	3600.0	40.18	temp	0.1	6	14
6	1	202.648204088	5	3	5	2.33333333333	56.7207	3600.0	40.51	temp	0.1	6	14
7	1	201.37715888	5	4	5	2.33333333333	56.7207	3600.0	39.94	temp	0.1	6	14
8	1	241.227545977	5	5	5	2.33333333333	56.7207	3600.0	38.39	temp	0.1	6	14
9	1	197.872410059	5	3	5	2.33333333333	56.7207	3600.0	40.65	temp	0.1	6	14
10	1	250.2057271	5	4	4	2.13333333333	56.7207	3600.0	40.11	temp	0.1	6	14
1	cradle	71.490391016	5	2	5	2.33333333333	56.7207	3600.0	38.98	temp	0.1	6	14
2	cradle	60.7174038887	5	2	5	2.33333333333	56.7207	3600.0	39.22	temp	0.1	6	14
3	cradle	62.2546699047	5	2	5	2.33333333333	56.7207	3600.0	38.98	temp	0.1	6	14
4	cradle	59.7937819958	5	3	5	2.33333333333	56.7207	3600.0	39.31	temp	0.1	6	14
5	cradle	65.2504749298	5	2	5	2.33333333333	56.7207	3600.0	39.22	temp	0.1	6	14
6	cradle	60.5654518604	5	2	5	2.33333333333	56.7207	3600.0	38.57	temp	0.1	6	14
7	cradle	59.1119790077	5	2	5	2.33333333333	56.7207	3600.0	39.22	temp	0.1	6	14
8	cradle	45.335215807	5	2	5	2.33333333333	56.7207	3600.0	40.71	temp	0.1	6	14
9	cradle	46.1287009716	5	3	5	2.33333333333	56.7207	3600.0	40.51	temp	0.1	6	14
10	cradle	58.4252028465	5	2	5	2.33333333333	56.7207	3600.0	38.98	temp	0.1	6	14
1	3	446.151401997	10	3	6	2.55555555556	56.7207	3600.0	49.86	power	0.2	9	14
2	3	508.933906078	10	3	5	2.27777777778	56.7207	3600.0	49.81	power	0.2	9	14
3	3	412.896533012	10	4	5	2.33333333333	56.7207	3600.0	47.78	power	0.2	9	14
4	3	482.500072002	11	3	5	2.16666666667	56.7207	3600.0	48.4	power	0.2	9	14
5	3	411.90207696	10	2	5	2.27777777778	41.9991	3200.0	45.82	power	0.2	9	14
6	3	474.565797091	11	2	4	2.05555555556	41.9991	3200.0	49.43	power	0.2	9	14
7	3	427.589097977	11	3	4	2.11111111111	41.9991	3200.0	45.46	power	0.2	9	14
8	3	504.296526909	11	4	4	2.11111111111	56.7207	3600.0	47.56	power	0.2	9	14
9	3	557.458523035	10	3	5	2.27777777778	56.7207	3600.0	49.58	power	0.2	9	14
10	3	531.105209112	10	3	5	2.27777777778	41.9991	3200.0	44.12	power	0.2	9	14
1	2	555.493314028	11	3	5	2.16666666667	56.7207	3600.0	49.1	power	0.2	9	14
2	2	647.948047876	10	4	5	2.27777777778	56.7207	3600.0	48.16	power	0.2	9	14
3	2	566.668148041	11	2	4	2.11111111111	41.9991	3200.0	46.79	power	0.2	9	14
4	2	529.255717993	9	4	4	2.22222222222	56.7207	3600.0	47.61	power	0.2	9	14
5	2	464.636102915	10	3	5	2.27777777778	56.7207	3600.0	48.96	power	0.2	9	14
6	2	713.38400197	10	3	5	2.38888888889	56.7207	3600.0	48.68	power	0.2	9	14
7	2	515.0518291	11	3	4	2.11111111111	41.9991	3200.0	45.27	power	0.2	9	14
8	2	852.704674959	9	4	5	2.33333333333	56.7207	3600.0	49.62	power	0.2	9	14
9	2	721.600230932	10	3	4	2.22222222222	41.9991	3200.0	45.18	power	0.2	9	14
10	2	597.557658911	11	3	4	2.05555555556	56.7207	3600.0	49.21	power	0.2	9	14
1	1	1128.277812	11	3	4	2.05555555556	41.9991	3200.0	43.66	power	0.2	9	14
2	1	1375.45419502	11	3	5	2.16666666667	56.7207	3600.0	49.1	power	0.2	9	14
3	1	1099.46115899	11	4	4	2.05555555556	56.7207	3600.0	48.58	power	0.2	9	14
4	1	1162.59794188	12	3	4	2.0	41.9991	3200.0	45.36	power	0.2	9	14
5	1	1385.93639088	10	4	4	2.11111111111	56.7207	3600.0	48.37	power	0.2	9	14
6	1	1109.20938516	11	3	5	2.16666666667	56.7207	3600.0	49.26	power	0.2	9	14
7	1	1303.01164198	11	4	5	2.16666666667	56.7207	3600.0	47.84	power	0.2	9	14
8	1	1463.48646092	11	4	4	2.05555555556	41.9991	3200.0	45.5	power	0.2	9	14
9	1	1117.971735	10	3	4	2.16666666667	56.7207	3600.0	49.84	power	0.2	9	14
10	1	1106.07560515	11	3	5	2.16666666667	56.7207	3600.0	49.25	power	0.2	9	14
1	cradle	530.175462961	11	3	5	2.16666666667	41.9991	3200.0	45.67	power	0.2	9	14
2	cradle	353.444196939	12	3	4	2.0	56.7207	3600.0	49.91	power	0.2	9	14
3	cradle	395.763603926	10	4	6	2.55555555556	56.7207	3600.0	48.86	power	0.2	9	14
4	cradle	410.312045097	9	2	5	2.55555555556	56.7207	3600.0	49.49	power	0.2	9	14
5	cradle	319.437845945	11	3	5	2.16666666667	56.7207	3600.0	48.67	power	0.2	9	14
6	cradle	509.46855998	10	3	6	2.55555555556	56.7207	3600.0	45.57	power	0.2	9	14
7	cradle	342.776052952	12	3	4	2.0	56.7207	3600.0	49.91	power	0.2	9	14
8	cradle	312.214514971	11	3	5	2.22222222222	56.7207	3600.0	48.21	power	0.2	9	14
9	cradle	195.816092968	12	2	4	2.0	56.7207	3600.0	48.93	power	0.2	9	14
10	cradle	266.343166113	12	3	4	2.0	56.7207	3600.0	49.02	power	0.2	9	14
1	3	87.8002018929	6	3	3	1.73333333333	56.7207	3600.0	47.61	power	0.2	6	14
2	3	118.152274132	6	2	3	1.8	56.7207	3600.0	47.98	power	0.2	6	14
3	3	91.755313158	5	2	3	1.86666666667	56.7207	3600.0	47.35	power	0.2	6	14
4	3	75.7197599411	7	2	3	1.66666666667	56.7207	3600.0	48.91	power	0.2	6	14
5	3	96.2847168446	6	3	3	1.8	56.7207	3600.0	45.5	power	0.2	6	14
6	3	90.8260359764	6	3	3	1.8	56.7207	3600.0	45.41	power	0.2	6	14
7	3	72.3471169472	6	3	3	1.8	56.7207	3600.0	47.59	power	0.2	6	14
8	3	95.2673139572	7	3	3	1.66666666667	56.7207	3600.0	45.27	power	0.2	6	14
9	3	117.035466194	6	3	3	1.8	56.7207	3600.0	46.26	power	0.2	6	14
10	3	68.5761320591	7	2	3	1.66666666667	56.7207	3600.0	48.91	power	0.2	6	14
1	2	152.235790968	6	3	3	1.8	56.7207	3600.0	47.53	power	0.2	6	14
2	2	150.388902903	7	3	3	1.66666666667	56.7207	3600.0	45.29	power	0.2	6	14
3	2	174.158576965	6	3	3	1.73333333333	56.7207	3600.0	47.88	power	0.2	6	14
4	2	129.386445999	7	3	3	1.66666666667	56.7207	3600.0	46.77	power	0.2	6	14
5	2	107.940640926	6	3	3	1.8	56.7207	3600.0	45.72	power	0.2	6	14
6	2	192.695611	6	3	3	1.73333333333	56.7207	3600.0	47.61	power	0.2	6	14
7	2	111.552608013	6	2	3	1.73333333333	56.7207	3600.0	49.54	power	0.2	6	14
8	2	160.939118862	7	3	3	1.66666666667	56.7207	3600.0	45.29	power	0.2	6	14
9	2	147.326613903	6	3	3	1.8	56.7207	3600.0	45.72	power	0.2	6	14
10	2	190.297408104	6	3	3	1.73333333333	56.7207	3600.0	48.5	power	0.2	6	14
1	1	205.48658514	6	2	3	1.73333333333	56.7207	3600.0	48.0	power	0.2	6	14
2	1	227.384482861	6	3	3	1.73333333333	56.7207	3600.0	47.61	power	0.2	6	14
3	1	226.227273941	6	3	3	1.73333333333	56.7207	3600.0	45.97	power	0.2	6	14
4	1	281.748393059	6	3	3	1.73333333333	56.7207	3600.0	47.88	power	0.2	6	14
5	1	221.143610954	6	2	3	1.73333333333	56.7207	3600.0	49.54	power	0.2	6	14
6	1	234.578987122	6	3	3	1.73333333333	56.7207	3600.0	47.61	power	0.2	6	14
7	1	241.436403036	6	3	3	1.73333333333	56.7207	3600.0	47.88	power	0.2	6	14
8	1	228.216435909	6	3	3	1.73333333333	56.7207	3600.0	45.97	power	0.2	6	14
9	1	272.705321074	6	3	3	1.73333333333	56.7207	3600.0	47.61	power	0.2	6	14
10	1	252.967643023	6	3	3	1.73333333333	56.7207	3600.0	48.5	power	0.2	6	14
1	cradle	73.6150789261	7	3	3	1.66666666667	56.7207	3600.0	45.29	power	0.2	6	14
2	cradle	73.0635778904	7	3	3	1.66666666667	56.7207	3600.0	45.29	power	0.2	6	14
3	cradle	64.9998071194	7	3	3	1.66666666667	56.7207	3600.0	46.77	power	0.2	6	14
4	cradle	64.679443121	7	3	3	1.66666666667	56.7207	3600.0	46.77	power	0.2	6	14
5	cradle	47.378319025	7	3	3	1.66666666667	56.7207	3600.0	46.77	power	0.2	6	14
6	cradle	61.1499261856	7	3	3	1.66666666667	56.7207	3600.0	46.77	power	0.2	6	14
7	cradle	56.6966481209	6	2	4	1.86666666667	56.7207	3600.0	46.98	power	0.2	6	14
8	cradle	64.0676758289	7	3	3	1.66666666667	56.7207	3600.0	46.77	power	0.2	6	14
9	cradle	76.8799481392	7	3	3	1.66666666667	56.7207	3600.0	45.29	power	0.2	6	14
10	cradle	75.4966380596	7	3	3	1.66666666667	56.7207	3600.0	45.29	power	0.2	6	14
1	3	295.616868973	11	3	4	2.11111111111	56.7207	3600.0	49.02	power	0.1	9	14
2	3	358.535313129	11	3	4	2.11111111111	56.7207	3600.0	48.99	power	0.1	9	14
3	3	161.049252033	12	3	4	2.0	56.7207	3600.0	48.61	power	0.1	9	14
4	3	340.971578121	10	3	4	2.11111111111	56.7207	3600.0	46.97	power	0.1	9	14
5	3	353.350371122	10	3	4	2.22222222222	56.7207	3600.0	48.19	power	0.1	9	14
6	3	334.359122038	11	4	4	2.11111111111	56.7207	3600.0	47.3	power	0.1	9	14
7	3	325.537861109	10	3	4	2.22222222222	56.7207	3600.0	48.48	power	0.1	9	14
8	3	339.514786005	10	3	4	2.22222222222	56.7207	3600.0	49.1	power	0.1	9	14
9	3	427.652924061	10	3	4	2.22222222222	56.7207	3600.0	48.72	power	0.1	9	14
10	3	166.977309942	11	3	4	2.11111111111	56.7207	3600.0	48.89	power	0.1	9	14
1	2	428.274757862	12	3	4	2.0	56.7207	3600.0	48.92	power	0.1	9	14
2	2	326.357022047	11	3	4	2.11111111111	56.7207	3600.0	48.28	power	0.1	9	14
3	2	391.282697916	10	3	4	2.11111111111	56.7207	3600.0	48.81	power	0.1	9	14
4	2	492.844475031	11	3	4	2.05555555556	56.7207	3600.0	48.34	power	0.1	9	14
5	2	452.664139986	12	3	4	2.0	56.7207	3600.0	48.56	power	0.1	9	14
6	2	359.981206894	10	2	4	2.11111111111	41.9991	3200.0	44.78	power	0.1	9	14
7	2	328.218314171	12	3	4	2.0	56.7207	3600.0	48.61	power	0.1	9	14
8	2	449.007082939	12	3	4	2.0	56.7207	3600.0	48.4	power	0.1	9	14
9	2	208.038937092	10	2	4	2.16666666667	56.7207	3600.0	48.52	power	0.1	9	14
10	2	392.992185831	11	3	4	2.11111111111	56.7207	3600.0	48.5	power	0.1	9	14
1	1	542.626321077	11	3	4	2.05555555556	56.7207	3600.0	46.6	power	0.1	9	14
2	1	511.339342117	11	3	4	2.05555555556	56.7207	3600.0	49.46	power	0.1	9	14
3	1	768.680278063	12	3	4	2.0	56.7207	3600.0	48.6	power	0.1	9	14
4	1	744.299366951	11	3	4	2.05555555556	56.7207	3600.0	49.66	power	0.1	9	14
5	1	698.718401909	11	4	4	2.05555555556	56.7207	3600.0	47.6	power	0.1	9	14
6	1	654.086726904	11	3	4	2.05555555556	56.7207	3600.0	47.28	power	0.1	9	14
7	1	814.241875887	11	3	4	2.05555555556	56.7207	3600.0	48.94	power	0.1	9	14
8	1	423.167432785	11	4	4	2.05555555556	56.7207	3600.0	48.86	power	0.1	9	14
9	1	814.61796999	11	4	4	2.05555555556	56.7207	3600.0	49.49	power	0.1	9	14
10	1	786.480354786	11	3	4	2.05555555556	41.9991	3200.0	43.88	power	0.1	9	14
1	cradle	139.425241232	12	3	4	2.0	56.7207	3600.0	46.71	power	0.1	9	14
2	cradle	224.302737951	12	4	4	2.0	56.7207	3600.0	45.04	power	0.1	9	14
3	cradle	118.47401619	10	2	4	2.22222222222	56.7207	3600.0	48.7	power	0.1	9	14
4	cradle	160.550441027	12	4	4	2.0	56.7207	3600.0	46.97	power	0.1	9	14
5	cradle	278.45500803	9	3	5	2.5	56.7207	3600.0	44.6	power	0.1	9	14
6	cradle	181.522670984	11	3	5	2.16666666667	56.7207	3600.0	49.01	power	0.1	9	14
7	cradle	180.226024866	12	4	4	2.0	56.7207	3600.0	45.04	power	0.1	9	14
8	cradle	162.352630854	12	3	4	2.0	56.7207	3600.0	47.92	power	0.1	9	14
9	cradle	261.578744173	11	3	4	2.11111111111	56.7207	3600.0	49.04	power	0.1	9	14
10	cradle	199.653203011	12	3	4	2.0	56.7207	3600.0	46.05	power	0.1	9	14
1	3	76.9649758339	6	3	3	1.73333333333	56.7207	3600.0	45.03	power	0.1	6	14
2	3	73.5190918446	6	2	3	1.73333333333	56.7207	3600.0	46.36	power	0.1	6	14
3	3	89.9947628975	6	3	3	1.8	56.7207	3600.0	43.5	power	0.1	6	14
4	3	134.727799892	6	3	3	1.73333333333	56.7207	3600.0	45.16	power	0.1	6	14
5	3	111.260187864	6	3	3	1.73333333333	56.7207	3600.0	42.62	power	0.1	6	14
6	3	66.5571489334	6	2	3	1.73333333333	56.7207	3600.0	44.35	power	0.1	6	14
7	3	78.8096780777	6	3	3	1.8	56.7207	3600.0	43.59	power	0.1	6	14
8	3	68.3438830376	7	3	3	1.66666666667	56.7207	3600.0	44.16	power	0.1	6	14
9	3	63.2838151455	6	3	3	1.73333333333	56.7207	3600.0	45.03	power	0.1	6	14
10	3	83.6675610542	6	3	3	1.8	56.7207	3600.0	43.35	power	0.1	6	14
1	2	128.769684076	7	2	3	1.66666666667	56.7207	3600.0	45.48	power	0.1	6	14
2	2	136.264878988	6	3	3	1.73333333333	56.7207	3600.0	42.62	power	0.1	6	14
3	2	148.019512177	7	3	3	1.66666666667	56.7207	3600.0	43.97	power	0.1	6	14
4	2	122.890589952	7	3	3	1.66666666667	56.7207	3600.0	43.97	power	0.1	6	14
5	2	128.772585869	7	3	3	1.66666666667	56.7207	3600.0	43.23	power	0.1	6	14
6	2	186.90585804	6	2	3	1.73333333333	56.7207	3600.0	46.6	power	0.1	6	14
7	2	118.559975863	6	3	3	1.73333333333	56.7207	3600.0	45.16	power	0.1	6	14
8	2	93.6814658642	7	3	3	1.66666666667	56.7207	3600.0	42.12	power	0.1	6	14
9	2	172.832250118	6	3	3	1.73333333333	56.7207	3600.0	45.16	power	0.1	6	14
10	2	173.421418905	6	3	3	1.73333333333	56.7207	3600.0	45.16	power	0.1	6	14
1	1	149.057274103	6	3	3	1.73333333333	56.7207	3600.0	42.62	power	0.1	6	14
2	1	226.941147089	6	2	3	1.73333333333	56.7207	3600.0	46.36	power	0.1	6	14
3	1	180.544627905	6	2	3	1.73333333333	56.7207	3600.0	46.36	power	0.1	6	14
4	1	176.827924013	6	2	3	1.73333333333	56.7207	3600.0	44.35	power	0.1	6	14
5	1	175.265308142	6	3	3	1.73333333333	56.7207	3600.0	42.62	power	0.1	6	14
6	1	166.976035833	6	3	3	1.73333333333	56.7207	3600.0	45.65	power	0.1	6	14
7	1	136.030966043	6	2	3	1.73333333333	56.7207	3600.0	46.36	power	0.1	6	14
8	1	240.20975399	6	2	3	1.73333333333	56.7207	3600.0	46.6	power	0.1	6	14
9	1	206.986209154	6	2	3	1.73333333333	56.7207	3600.0	47.11	power	0.1	6	14
10	1	219.857584953	6	2	3	1.73333333333	56.7207	3600.0	46.6	power	0.1	6	14
1	cradle	66.5478570461	7	3	3	1.66666666667	56.7207	3600.0	42.33	power	0.1	6	14
2	cradle	60.9406068325	7	3	3	1.66666666667	56.7207	3600.0	44.16	power	0.1	6	14
3	cradle	59.3939831257	7	3	3	1.66666666667	56.7207	3600.0	44.16	power	0.1	6	14
4	cradle	64.8260438442	7	3	3	1.66666666667	56.7207	3600.0	44.16	power	0.1	6	14
5	cradle	93.0533020496	7	3	3	1.66666666667	56.7207	3600.0	44.16	power	0.1	6	14
6	cradle	68.1132259369	7	3	3	1.66666666667	56.7207	3600.0	42.33	power	0.1	6	14
7	cradle	53.0796391964	6	2	4	1.86666666667	56.7207	3600.0	44.17	power	0.1	6	14
8	cradle	73.9841389656	6	3	3	1.8	56.7207	3600.0	42.29	power	0.1	6	14
9	cradle	60.3373680115	7	2	3	1.66666666667	56.7207	3600.0	42.58	power	0.1	6	14
10	cradle	62.718380928	7	3	3	1.66666666667	56.7207	3600.0	42.33	power	0.1	6	14
