trial	chips_added_at_a_time	execution_time	edges	levels	diameter	ASPL	power	frequency	tempurature	picked_by	overlap	numchips	candidates
1	1	78.1596620083	3	3	3	1.66666666667	56.7207	3600.0	40.09	power	0.2	4	14
2	1	79.1672148705	3	2	3	1.66666666667	56.7207	3600.0	41.88	power	0.2	4	14
3	1	125.747163057	3	3	3	1.66666666667	56.7207	3600.0	40.69	power	0.2	4	14
4	1	104.503200054	3	2	2	1.5	56.7207	3600.0	43.13	power	0.2	4	14
5	1	103.55684495	3	2	2	1.5	56.7207	3600.0	44.22	power	0.2	4	14
6	1	74.4466719627	3	2	3	1.66666666667	56.7207	3600.0	41.57	power	0.2	4	14
7	1	126.780719995	3	2	3	1.66666666667	56.7207	3600.0	43.77	power	0.2	4	14
8	1	102.422783136	3	2	2	1.5	56.7207	3600.0	43.13	power	0.2	4	14
9	1	78.0167150497	3	3	3	1.66666666667	56.7207	3600.0	40.69	power	0.2	4	14
10	1	104.507409811	3	3	3	1.66666666667	56.7207	3600.0	40.67	power	0.2	4	14
1	1	223.412424088	4	3	3	1.8	56.7207	3600.0	44.08	power	0.2	5	14
2	1	253.490851879	4	3	3	1.8	56.7207	3600.0	42.67	power	0.2	5	14
3	1	202.604334116	4	3	3	1.8	56.7207	3600.0	42.9	power	0.2	5	14
4	1	198.316522121	4	2	3	1.8	56.7207	3600.0	44.96	power	0.2	5	14
5	1	208.654942989	4	3	4	2.0	56.7207	3600.0	41.62	power	0.2	5	14
6	1	262.735701084	4	3	4	2.0	56.7207	3600.0	42.19	power	0.2	5	14
7	1	207.036781073	4	2	3	1.8	56.7207	3600.0	44.96	power	0.2	5	14
8	1	205.135703087	4	3	3	1.8	56.7207	3600.0	42.88	power	0.2	5	14
9	1	179.637681961	4	2	3	1.8	56.7207	3600.0	47.96	power	0.2	5	14
10	1	201.117923021	4	2	3	1.8	56.7207	3600.0	46.21	power	0.2	5	14
1	1	276.816475868	5	2	4	2.06666666667	56.7207	3600.0	46.22	power	0.2	6	14
2	1	304.39575696	5	3	4	2.13333333333	56.7207	3600.0	46.9	power	0.2	6	14
3	1	425.487640858	7	3	3	1.66666666667	56.7207	3600.0	45.41	power	0.2	6	14
4	1	281.269096851	5	2	4	2.13333333333	56.7207	3600.0	49.02	power	0.2	6	14
5	1	421.964668989	5	3	4	2.13333333333	56.7207	3600.0	46.64	power	0.2	6	14
6	1	373.351739883	5	3	4	2.06666666667	56.7207	3600.0	46.05	power	0.2	6	14
7	1	330.40117979	5	4	4	2.06666666667	56.7207	3600.0	43.67	power	0.2	6	14
8	1	258.898998022	6	2	4	1.86666666667	56.7207	3600.0	46.98	power	0.2	6	14
9	1	276.645087957	5	2	5	2.33333333333	56.7207	3600.0	43.74	power	0.2	6	14
10	1	459.628269196	5	3	4	2.13333333333	56.7207	3600.0	44.69	power	0.2	6	14
1	1	439.389092922	7	4	5	2.19047619048	56.7207	3600.0	45.71	power	0.2	7	14
2	1	625.488965034	6	4	5	2.38095238095	56.7207	3600.0	47.34	power	0.2	7	14
3	1	561.648734808	7	3	4	2.09523809524	56.7207	3600.0	47.21	power	0.2	7	14
4	1	507.924648046	6	3	6	2.66666666667	56.7207	3600.0	46.05	power	0.2	7	14
5	1	906.585417032	6	4	5	2.38095238095	56.7207	3600.0	44.92	power	0.2	7	14
6	1	761.519373894	7	3	4	2.09523809524	56.7207	3600.0	49.65	power	0.2	7	14
7	1	497.767586946	6	3	5	2.38095238095	56.7207	3600.0	47.34	power	0.2	7	14
8	1	812.074203014	7	3	4	2.0	56.7207	3600.0	48.44	power	0.2	7	14
9	1	505.875123024	6	3	5	2.38095238095	56.7207	3600.0	49.46	power	0.2	7	14
10	1	555.199975014	6	3	5	2.38095238095	56.7207	3600.0	46.34	power	0.2	7	14
1	1	1580.9848032	7	3	5	2.5	56.7207	3600.0	49.96	power	0.2	8	14
2	1	1379.78980184	7	3	6	2.67857142857	56.7207	3600.0	48.16	power	0.2	8	14
3	1	1308.06890082	9	3	4	2.03571428571	56.7207	3600.0	48.96	power	0.2	8	14
4	1	948.346038818	7	3	7	3.0	56.7207	3600.0	49.85	power	0.2	8	14
5	1	708.719407082	8	3	5	2.42857142857	56.7207	3600.0	48.03	power	0.2	8	14
6	1	935.822228193	8	4	5	2.35714285714	56.7207	3600.0	45.46	power	0.2	8	14
7	1	677.180484056	8	3	5	2.35714285714	56.7207	3600.0	46.35	power	0.2	8	14
8	1	1074.85309291	7	3	4	2.39285714286	56.7207	3600.0	49.69	power	0.2	8	14
9	1	1254.28741407	10	3	4	1.92857142857	56.7207	3600.0	47.46	power	0.2	8	14
10	1	572.735064983	8	3	4	2.14285714286	56.7207	3600.0	47.18	power	0.2	8	14
1	1	1652.44557405	10	4	5	2.27777777778	56.7207	3600.0	49.62	power	0.2	9	14
2	1	990.306975842	8	2	6	2.83333333333	56.7207	3600.0	47.79	power	0.2	9	14
3	1	2816.34535813	9	4	6	2.55555555556	56.7207	3600.0	48.24	power	0.2	9	14
4	1	1032.71556807	8	3	6	2.72222222222	56.7207	3600.0	47.52	power	0.2	9	14
5	1	1038.52214503	9	2	6	2.72222222222	56.7207	3600.0	48.77	power	0.2	9	14
6	1	1468.36197686	9	4	5	2.5	56.7207	3600.0	50.0	power	0.2	9	14
7	1	955.028782845	9	4	5	2.5	56.7207	3600.0	47.02	power	0.2	9	14
8	1	1479.01460004	9	3	5	2.38888888889	56.7207	3600.0	48.68	power	0.2	9	14
9	1	989.24419713	8	4	6	2.88888888889	56.7207	3600.0	47.46	power	0.2	9	14
10	1	1666.86329794	9	3	5	2.44444444444	56.7207	3600.0	48.66	power	0.2	9	14
1	1	2582.51511788	11	4	5	2.46666666667	56.7207	3600.0	49.52	power	0.2	10	14
2	1	1796.09059381	9	4	7	3.0	56.7207	3600.0	49.82	power	0.2	10	14
3	1	2843.89074683	10	4	6	2.8	56.7207	3600.0	48.52	power	0.2	10	14
4	1	1819.82452202	9	3	7	3.15555555556	56.7207	3600.0	49.98	power	0.2	10	14
5	1	2214.46961117	9	4	8	3.33333333333	56.7207	3600.0	46.62	power	0.2	10	14
6	1	2225.66146207	9	4	7	2.97777777778	56.7207	3600.0	49.23	power	0.2	10	14
7	1	2285.67479491	10	4	5	2.53333333333	56.7207	3600.0	48.49	power	0.2	10	14
8	1	2122.22671604	9	3	7	3.06666666667	56.7207	3600.0	48.43	power	0.2	10	14
9	1	1786.23229504	9	2	7	3.22222222222	41.9991	3200.0	44.88	power	0.2	10	14
10	1	2661.88218689	9	4	6	2.8	56.7207	3600.0	49.08	power	0.2	10	14
1	1	3982.23035502	10	4	6	3.05454545455	56.7207	3600.0	49.77	power	0.2	11	14
2	1	4270.38850784	12	4	7	2.8	56.7207	3600.0	49.99	power	0.2	11	14
3	1	2578.83079982	12	5	7	3.01818181818	56.7207	3600.0	47.15	power	0.2	11	14
4	1	2453.28055811	10	4	8	3.41818181818	56.7207	3600.0	49.76	power	0.2	11	14
5	1	3295.491014	11	4	7	2.98181818182	56.7207	3600.0	49.45	power	0.2	11	14
6	1	3440.79393601	10	3	8	3.49090909091	41.9991	3200.0	45.61	power	0.2	11	14
7	1	4087.57513785	13	4	6	2.65454545455	41.9991	3200.0	44.29	power	0.2	11	14
8	1	2898.98395205	10	3	7	3.12727272727	41.9991	3200.0	45.31	power	0.2	11	14
9	1	4115.90763807	12	5	7	2.87272727273	56.7207	3600.0	49.22	power	0.2	11	14
10	1	1430.62777591	10	4	7	3.12727272727	56.7207	3600.0	49.03	power	0.2	11	14
1	1	2402.34503603	13	4	8	3.30303030303	56.7207	3600.0	49.96	power	0.2	12	14
2	1	3214.69475102	11	4	8	3.48484848485	56.7207	3600.0	49.89	power	0.2	12	14
3	1	6459.39903998	12	4	6	2.81818181818	41.9991	3200.0	47.03	power	0.2	12	14
4	1	2904.05078697	13	3	8	3.10606060606	41.9991	3200.0	45.02	power	0.2	12	14
5	1	3451.76719809	12	4	7	3.27272727273	56.7207	3600.0	49.94	power	0.2	12	14
6	1	4514.23092413	12	4	7	3.15151515152	56.7207	3600.0	49.91	power	0.2	12	14
7	1	7130.94440603	12	6	8	3.24242424242	56.7207	3600.0	49.56	power	0.2	12	14
8	1	3879.22717595	12	4	7	3.06060606061	41.9991	3200.0	44.77	power	0.2	12	14
9	1	3881.232687	11	3	10	3.9696969697	41.9991	3200.0	43.96	power	0.2	12	14
10	1	2450.59719586	12	5	8	3.34848484848	56.7207	3600.0	48.81	power	0.2	12	14
1	1	4027.82645202	13	4	9	3.53846153846	56.7207	3600.0	49.06	power	0.2	13	14
2	1	13080.9058552	13	7	8	3.4358974359	41.9991	3200.0	45.03	power	0.2	13	14
3	1	6067.83264995	14	4	8	3.38461538462	56.7207	3600.0	49.59	power	0.2	13	14
4	1	5813.14017701	15	6	7	2.97435897436	56.7207	3600.0	49.06	power	0.2	13	14
5	1	7278.0917871	14	5	7	3.12820512821	41.9991	3200.0	46.12	power	0.2	13	14
6	1	5351.9580369	13	3	7	3.20512820513	41.9991	3200.0	48.23	power	0.2	13	14
7	1	4710.84872007	14	4	8	3.46153846154	41.9991	3200.0	44.32	power	0.2	13	14
8	1	6263.44769001	14	4	5	2.82051282051	41.9991	3200.0	49.35	power	0.2	13	14
9	1	4587.28542089	14	3	8	3.30769230769	41.9991	3200.0	46.82	power	0.2	13	14
10	1	9005.40532899	14	5	5	2.74358974359	41.9991	3200.0	45.55	power	0.2	13	14
1	1	125.819622993	3	3	3	1.66666666667	56.7207	3600.0	39.05	power	0.1	4	14
2	1	100.41759181	3	2	2	1.5	56.7207	3600.0	40.5	power	0.1	4	14
3	1	100.348579168	3	2	3	1.66666666667	56.7207	3600.0	39.82	power	0.1	4	14
4	1	102.503644943	3	3	3	1.66666666667	56.7207	3600.0	39.05	power	0.1	4	14
5	1	107.136394024	3	3	3	1.66666666667	56.7207	3600.0	41.22	power	0.1	4	14
6	1	102.412688017	3	3	3	1.66666666667	56.7207	3600.0	39.05	power	0.1	4	14
7	1	124.832450867	3	3	3	1.66666666667	56.7207	3600.0	37.54	power	0.1	4	14
8	1	103.981539965	3	3	3	1.66666666667	56.7207	3600.0	38.74	power	0.1	4	14
9	1	100.322971821	3	2	3	1.66666666667	56.7207	3600.0	44.54	power	0.1	4	14
10	1	100.132770061	3	2	3	1.66666666667	56.7207	3600.0	39.82	power	0.1	4	14
1	1	205.339781046	4	2	2	1.6	56.7207	3600.0	44.33	power	0.1	5	14
2	1	254.078217983	4	3	3	1.8	56.7207	3600.0	40.67	power	0.1	5	14
3	1	204.371978998	4	2	3	1.8	56.7207	3600.0	47.18	power	0.1	5	14
4	1	274.77512598	4	3	3	1.8	56.7207	3600.0	40.83	power	0.1	5	14
5	1	260.33534193	4	3	4	2.0	56.7207	3600.0	41.21	power	0.1	5	14
6	1	185.555516005	4	2	2	1.6	56.7207	3600.0	44.33	power	0.1	5	14
7	1	249.305999041	4	3	4	2.0	56.7207	3600.0	42.72	power	0.1	5	14
8	1	229.422580957	4	3	3	1.8	56.7207	3600.0	40.83	power	0.1	5	14
9	1	252.122045994	4	3	3	1.8	56.7207	3600.0	43.98	power	0.1	5	14
10	1	201.153782129	4	2	3	1.8	56.7207	3600.0	41.8	power	0.1	5	14
1	1	346.768164158	6	3	3	1.8	56.7207	3600.0	44.14	power	0.1	6	14
2	1	383.404772043	5	3	3	1.86666666667	56.7207	3600.0	45.55	power	0.1	6	14
3	1	325.158460855	5	3	5	2.33333333333	56.7207	3600.0	40.37	power	0.1	6	14
4	1	278.242830038	5	3	4	2.06666666667	56.7207	3600.0	41.55	power	0.1	6	14
5	1	277.585534096	5	2	4	2.13333333333	56.7207	3600.0	43.95	power	0.1	6	14
6	1	400.263967037	6	3	3	1.73333333333	56.7207	3600.0	45.16	power	0.1	6	14
7	1	277.542445898	6	2	3	1.73333333333	56.7207	3600.0	46.36	power	0.1	6	14
8	1	403.790559053	5	3	4	2.06666666667	56.7207	3600.0	42.67	power	0.1	6	14
9	1	350.02690196	5	4	5	2.33333333333	56.7207	3600.0	39.28	power	0.1	6	14
10	1	372.962189913	6	2	3	1.73333333333	56.7207	3600.0	46.36	power	0.1	6	14
1	1	556.725024939	6	3	6	2.66666666667	56.7207	3600.0	43.61	power	0.1	7	14
2	1	596.22168088	7	3	4	2.0	56.7207	3600.0	43.57	power	0.1	7	14
3	1	532.593096018	8	3	4	1.90476190476	56.7207	3600.0	47.78	power	0.1	7	14
4	1	331.42726779	7	2	4	2.0	56.7207	3600.0	47.72	power	0.1	7	14
5	1	520.997334003	7	3	5	2.28571428571	56.7207	3600.0	43.26	power	0.1	7	14
6	1	321.56648612	6	2	5	2.38095238095	56.7207	3600.0	44.29	power	0.1	7	14
7	1	477.014615059	7	3	4	2.0	56.7207	3600.0	46.15	power	0.1	7	14
8	1	526.065197945	7	3	4	2.0	56.7207	3600.0	46.25	power	0.1	7	14
9	1	444.296056032	6	3	5	2.38095238095	56.7207	3600.0	48.04	power	0.1	7	14
10	1	528.073579073	6	2	4	2.09523809524	56.7207	3600.0	49.26	power	0.1	7	14
1	1	920.949647903	8	4	5	2.42857142857	56.7207	3600.0	44.03	power	0.1	8	14
2	1	748.017976999	8	3	4	2.14285714286	56.7207	3600.0	44.76	power	0.1	8	14
3	1	585.649809122	8	3	5	2.28571428571	56.7207	3600.0	44.74	power	0.1	8	14
4	1	1147.00946403	7	5	5	2.42857142857	56.7207	3600.0	42.02	power	0.1	8	14
5	1	513.696355104	8	3	5	2.28571428571	56.7207	3600.0	48.6	power	0.1	8	14
6	1	757.526977062	7	5	6	2.71428571429	56.7207	3600.0	42.52	power	0.1	8	14
7	1	450.435558081	7	2	6	2.71428571429	56.7207	3600.0	46.62	power	0.1	8	14
8	1	1009.78736806	7	4	5	2.39285714286	56.7207	3600.0	44.66	power	0.1	8	14
9	1	703.341967106	8	3	4	2.10714285714	56.7207	3600.0	47.62	power	0.1	8	14
10	1	704.662680864	8	4	5	2.42857142857	56.7207	3600.0	45.96	power	0.1	8	14
1	1	710.273565054	9	3	6	2.55555555556	56.7207	3600.0	44.07	power	0.1	9	14
2	1	906.798288107	9	4	6	2.66666666667	56.7207	3600.0	45.89	power	0.1	9	14
3	1	879.203289032	8	2	5	2.55555555556	56.7207	3600.0	48.92	power	0.1	9	14
4	1	895.850628138	8	3	6	2.83333333333	56.7207	3600.0	45.29	power	0.1	9	14
5	1	1829.89926291	9	3	5	2.5	56.7207	3600.0	47.06	power	0.1	9	14
6	1	1296.59456205	8	3	7	3.05555555556	56.7207	3600.0	43.26	power	0.1	9	14
7	1	606.835981131	8	3	6	2.72222222222	56.7207	3600.0	45.28	power	0.1	9	14
8	1	664.796410084	8	2	5	2.72222222222	56.7207	3600.0	49.7	power	0.1	9	14
9	1	632.013898134	8	3	6	2.88888888889	56.7207	3600.0	44.73	power	0.1	9	14
10	1	967.522218943	8	2	5	2.66666666667	56.7207	3600.0	47.71	power	0.1	9	14
1	1	1595.61030102	12	3	5	2.37777777778	56.7207	3600.0	47.92	power	0.1	10	14
2	1	974.410364151	10	4	6	2.8	56.7207	3600.0	46.25	power	0.1	10	14
3	1	974.069847822	12	3	5	2.37777777778	56.7207	3600.0	48.16	power	0.1	10	14
4	1	1365.08259797	12	3	5	2.28888888889	56.7207	3600.0	47.7	power	0.1	10	14
5	1	1078.10419512	10	3	5	2.53333333333	56.7207	3600.0	47.62	power	0.1	10	14
6	1	1256.8397131	9	3	6	2.97777777778	56.7207	3600.0	47.96	power	0.1	10	14
7	1	1228.22245097	11	4	5	2.46666666667	56.7207	3600.0	48.7	power	0.1	10	14
8	1	1010.94334292	9	2	7	2.97777777778	56.7207	3600.0	49.6	power	0.1	10	14
9	1	1387.64492202	11	2	5	2.35555555556	56.7207	3600.0	49.86	power	0.1	10	14
10	1	1957.21507716	10	4	6	2.62222222222	56.7207	3600.0	48.49	power	0.1	10	14
1	1	1671.156358	11	5	9	3.70909090909	56.7207	3600.0	44.75	power	0.1	11	14
2	1	2275.596596	13	4	6	2.50909090909	56.7207	3600.0	48.71	power	0.1	11	14
3	1	3276.40528011	11	4	6	2.94545454545	56.7207	3600.0	49.98	power	0.1	11	14
4	1	1067.05953312	11	3	7	3.12727272727	56.7207	3600.0	46.15	power	0.1	11	14
5	1	1726.90919399	11	4	6	2.72727272727	56.7207	3600.0	48.34	power	0.1	11	14
6	1	1632.74590302	13	4	6	2.47272727273	56.7207	3600.0	48.07	power	0.1	11	14
7	1	2705.95523787	13	3	6	2.50909090909	56.7207	3600.0	49.66	power	0.1	11	14
8	1	2703.49866414	12	3	6	2.69090909091	56.7207	3600.0	48.99	power	0.1	11	14
9	1	2663.26011515	13	3	6	2.58181818182	56.7207	3600.0	49.5	power	0.1	11	14
10	1	2591.85894895	10	4	7	3.01818181818	56.7207	3600.0	48.3	power	0.1	11	14
1	1	3273.84653091	12	4	7	3.0	56.7207	3600.0	49.73	power	0.1	12	14
2	1	3489.02041507	12	3	7	3.22727272727	56.7207	3600.0	47.65	power	0.1	12	14
3	1	3776.26760817	13	5	7	3.09090909091	56.7207	3600.0	49.09	power	0.1	12	14
4	1	1515.6276238	11	4	7	3.36363636364	56.7207	3600.0	48.41	power	0.1	12	14
5	1	2148.20762086	12	4	7	3.19696969697	56.7207	3600.0	49.76	power	0.1	12	14
6	1	2816.13823509	11	4	7	3.28787878788	56.7207	3600.0	49.98	power	0.1	12	14
7	1	1909.27929807	13	3	8	3.09090909091	56.7207	3600.0	48.07	power	0.1	12	14
8	1	1548.23102713	12	4	7	3.22727272727	56.7207	3600.0	47.4	power	0.1	12	14
9	1	2501.93222284	15	3	6	2.63636363636	41.9991	3200.0	44.87	power	0.1	12	14
10	1	2874.03404498	13	6	8	3.34848484848	56.7207	3600.0	42.32	power	0.1	12	14
1	1	4216.08455014	14	4	8	3.28205128205	56.7207	3600.0	49.65	power	0.1	13	14
2	1	4725.95054793	14	5	7	2.94871794872	56.7207	3600.0	48.68	power	0.1	13	14
3	1	4461.09192109	13	4	7	3.23076923077	56.7207	3600.0	49.16	power	0.1	13	14
4	1	3228.24791098	14	4	6	2.82051282051	41.9991	3200.0	44.8	power	0.1	13	14
5	1	4117.58240008	13	4	9	3.66666666667	41.9991	3200.0	44.21	power	0.1	13	14
6	1	2322.42382312	13	3	7	3.20512820513	56.7207	3600.0	49.8	power	0.1	13	14
7	1	6028.13981986	13	5	7	3.12820512821	56.7207	3600.0	49.87	power	0.1	13	14
8	1	2969.55924177	15	4	7	3.02564102564	56.7207	3600.0	46.89	power	0.1	13	14
9	1	7138.40052295	14	5	7	3.10256410256	41.9991	3200.0	44.65	power	0.1	13	14
10	1	3367.07675886	12	3	9	3.66666666667	56.7207	3600.0	48.22	power	0.1	13	14
