chips_added_at_a_time	execution_time	edges	levels	diameter	ASPL	power	frequency	tempurature	picked_by	overlap	numchips	candidates
1	97.7308384895	3.0	2.4	2.7	1.61666666667	56.7207	3600.0	41.984	power	0.2	4	14
base3
layout_size = 4
candidates 14

1	214.214286542	4.0	2.6	3.2	1.84	56.7207	3600.0	44.043	power	0.2	5	14
base3
layout_size = 5
candidates 14

1	340.885891438	5.3	2.7	4.0	2.06	56.7207	3600.0	45.932	power	0.2	6	14
base3
layout_size = 6
candidates 14

1	617.347311974	6.4	3.3	4.8	2.29523809524	56.7207	3600.0	47.246	power	0.2	7	14
base3
layout_size = 7
candidates 14

1	1044.0787236	7.9	3.1	4.9	2.38214285714	56.7207	3600.0	48.11	power	0.2	8	14
base3
layout_size = 8
candidates 14

1	1408.88484759	8.8	3.3	5.5	2.58333333333	56.7207	3600.0	48.376	power	0.2	9	14
base3
layout_size = 9
candidates 14

1	2233.84680467	9.4	3.6	6.5	2.93555555556	55.24854	3560.0	48.457	power	0.2	10	14
base3
layout_size = 10
candidates 14

1	3255.41096747	11.0	4.0	7.0	3.05454545455	52.30422	3480.0	47.958	power	0.2	11	14
base3
layout_size = 11
candidates 14

1	4028.84892011	12.0	4.1	7.7	3.27575757576	50.83206	3440.0	47.885	power	0.2	12	14
base3
layout_size = 12
candidates 14

1	6618.67421181	13.8	4.5	7.2	3.2	46.41558	3320.0	47.313	power	0.2	13	14
base3
layout_size = 13
candidates 14

1	106.790825367	3.0	2.6	2.9	1.65	56.7207	3600.0	39.933	power	0.1	4	14
base3
layout_size = 4
candidates 14

1	231.646037006	4.0	2.6	3.0	1.8	56.7207	3600.0	42.788	power	0.1	5	14
base3
layout_size = 5
candidates 14

1	341.574582505	5.4	2.8	3.7	1.98	56.7207	3600.0	43.539	power	0.1	6	14
base3
layout_size = 6
candidates 14

1	483.498033786	6.7	2.7	4.5	2.17142857143	56.7207	3600.0	45.993	power	0.1	7	14
base3
layout_size = 7
candidates 14

1	754.107780433	7.6	3.6	5.0	2.39285714286	56.7207	3600.0	45.153	power	0.1	8	14
base3
layout_size = 8
candidates 14

1	938.978810358	8.3	2.8	5.7	2.71666666667	56.7207	3600.0	46.191	power	0.1	9	14
base3
layout_size = 9
candidates 14

1	1282.81428123	10.6	3.1	5.5	2.57777777778	56.7207	3600.0	48.226	power	0.1	10	14
base3
layout_size = 10
candidates 14

1	2231.44458303	11.8	3.7	6.5	2.82909090909	56.7207	3600.0	48.245	power	0.1	11	14
base3
layout_size = 11
candidates 14

1	2585.25846269	12.4	4.0	7.1	3.14696969697	55.24854	3560.0	47.728	power	0.1	12	14
base3
layout_size = 12
candidates 14

1	4257.45574968	13.5	4.1	7.4	3.20769230769	52.30422	3480.0	47.593	power	0.1	13	14
base3
layout_size = 13
candidates 14

