trial	chips_added_at_a_time	execution_time	edges	levels	diameter	ASPL	power	frequency	tempurature	picked_by	overlap	numchips	candidates
1	1	73.2901699543	3	3	3	1.66666666667	56.7207	3600.0	41.16	power	0.2	4	36
2	1	81.0672490597	3	3	3	1.66666666667	56.7207	3600.0	42.35	power	0.2	4	36
3	1	82.3232700825	3	2	2	1.5	56.7207	3600.0	44.22	power	0.2	4	36
4	1	72.1790611744	3	3	3	1.66666666667	56.7207	3600.0	42.35	power	0.2	4	36
5	1	75.4149520397	3	2	3	1.66666666667	56.7207	3600.0	44.58	power	0.2	4	36
6	1	80.025056839	3	2	3	1.66666666667	56.7207	3600.0	41.13	power	0.2	4	36
7	1	77.9720511436	3	3	3	1.66666666667	56.7207	3600.0	40.67	power	0.2	4	36
8	1	80.9755599499	3	2	2	1.5	56.7207	3600.0	43.13	power	0.2	4	36
9	1	74.0333418846	3	2	2	1.5	56.7207	3600.0	44.22	power	0.2	4	36
10	1	80.1544718742	3	2	2	1.5	56.7207	3600.0	43.13	power	0.2	4	36
1	1	180.542213917	4	3	4	2.0	56.7207	3600.0	41.98	power	0.2	5	36
2	1	178.997480154	4	3	3	1.8	56.7207	3600.0	43.05	power	0.2	5	36
3	1	141.479537964	4	2	4	2.0	56.7207	3600.0	43.82	power	0.2	5	36
4	1	181.368726015	4	3	3	1.8	56.7207	3600.0	42.3	power	0.2	5	36
5	1	130.887003899	4	2	3	1.8	56.7207	3600.0	46.36	power	0.2	5	36
6	1	166.22249198	4	4	4	2.0	56.7207	3600.0	41.72	power	0.2	5	36
7	1	183.631808996	4	3	3	1.8	56.7207	3600.0	43.58	power	0.2	5	36
8	1	142.729452133	4	2	3	1.8	56.7207	3600.0	47.96	power	0.2	5	36
9	1	143.686664104	4	2	4	2.0	56.7207	3600.0	44.33	power	0.2	5	36
10	1	176.225654125	4	3	3	1.8	56.7207	3600.0	43.06	power	0.2	5	36
1	1	241.324485064	5	3	5	2.33333333333	56.7207	3600.0	43.19	power	0.2	6	36
2	1	202.0411551	5	3	4	2.13333333333	56.7207	3600.0	44.34	power	0.2	6	36
3	1	216.517436981	5	2	4	2.13333333333	56.7207	3600.0	49.02	power	0.2	6	36
4	1	265.817126989	5	4	4	2.13333333333	56.7207	3600.0	45.37	power	0.2	6	36
5	1	267.930809975	5	3	5	2.33333333333	56.7207	3600.0	44.59	power	0.2	6	36
6	1	230.496409893	5	3	4	2.13333333333	56.7207	3600.0	43.96	power	0.2	6	36
7	1	264.405699968	5	2	5	2.33333333333	56.7207	3600.0	49.62	power	0.2	6	36
8	1	290.328197956	5	3	3	1.86666666667	56.7207	3600.0	46.1	power	0.2	6	36
9	1	288.654481173	5	4	4	2.06666666667	56.7207	3600.0	41.3	power	0.2	6	36
10	1	233.252238035	5	3	4	2.06666666667	56.7207	3600.0	45.34	power	0.2	6	36
1	1	469.758790016	7	3	4	2.0	56.7207	3600.0	49.84	power	0.2	7	36
2	1	470.739207983	6	4	4	2.19047619048	56.7207	3600.0	46.52	power	0.2	7	36
3	1	684.070091009	7	4	5	2.28571428571	56.7207	3600.0	45.84	power	0.2	7	36
4	1	685.09586215	7	4	4	2.0	56.7207	3600.0	48.62	power	0.2	7	36
5	1	386.431490898	6	4	6	2.66666666667	56.7207	3600.0	47.34	power	0.2	7	36
6	1	338.66664505	7	2	4	2.09523809524	56.7207	3600.0	48.85	power	0.2	7	36
7	1	390.550480127	6	2	6	2.66666666667	56.7207	3600.0	43.23	power	0.2	7	36
8	1	519.116617918	6	4	5	2.38095238095	56.7207	3600.0	44.2	power	0.2	7	36
9	1	322.007393122	7	2	4	2.09523809524	56.7207	3600.0	48.92	power	0.2	7	36
10	1	515.674206972	7	3	3	1.90476190476	56.7207	3600.0	49.96	power	0.2	7	36
1	1	931.185775995	8	3	6	2.53571428571	56.7207	3600.0	48.76	power	0.2	8	36
2	1	1056.38493395	9	4	4	2.03571428571	56.7207	3600.0	46.57	power	0.2	8	36
3	1	681.757526875	8	3	5	2.42857142857	56.7207	3600.0	48.82	power	0.2	8	36
4	1	378.775204897	7	3	5	2.53571428571	56.7207	3600.0	47.83	power	0.2	8	36
5	1	624.966437101	9	3	4	2.07142857143	56.7207	3600.0	49.35	power	0.2	8	36
6	1	485.783054113	7	3	7	3.0	56.7207	3600.0	47.02	power	0.2	8	36
7	1	544.082911968	7	2	5	2.57142857143	56.7207	3600.0	47.87	power	0.2	8	36
8	1	805.149574995	7	3	5	2.42857142857	56.7207	3600.0	48.29	power	0.2	8	36
9	1	1079.85692906	8	4	4	2.17857142857	56.7207	3600.0	49.88	power	0.2	8	36
10	1	1016.08091903	8	4	4	2.17857142857	56.7207	3600.0	49.92	power	0.2	8	36
1	1	691.147480011	8	4	6	2.83333333333	56.7207	3600.0	46.27	power	0.2	9	36
2	1	1450.89938903	9	4	6	2.55555555556	56.7207	3600.0	49.29	power	0.2	9	36
3	1	1139.69054914	8	3	5	2.61111111111	56.7207	3600.0	48.65	power	0.2	9	36
4	1	656.894939184	9	3	5	2.38888888889	56.7207	3600.0	48.44	power	0.2	9	36
5	1	856.644577026	8	3	6	2.72222222222	56.7207	3600.0	49.79	power	0.2	9	36
6	1	1039.6023581	11	3	4	2.11111111111	56.7207	3600.0	49.5	power	0.2	9	36
7	1	957.933269024	8	4	6	2.83333333333	56.7207	3600.0	48.27	power	0.2	9	36
8	1	900.173137903	8	4	6	2.72222222222	56.7207	3600.0	46.87	power	0.2	9	36
9	1	680.801999807	9	3	5	2.44444444444	56.7207	3600.0	49.13	power	0.2	9	36
10	1	1108.65616798	9	3	6	2.77777777778	56.7207	3600.0	47.45	power	0.2	9	36
1	1	1746.85474396	10	3	6	2.73333333333	56.7207	3600.0	49.63	power	0.2	10	36
2	1	2189.53278494	9	5	6	2.86666666667	56.7207	3600.0	49.41	power	0.2	10	36
3	1	1628.37582612	10	4	6	2.62222222222	56.7207	3600.0	49.39	power	0.2	10	36
4	1	1253.89018798	11	4	5	2.42222222222	56.7207	3600.0	48.92	power	0.2	10	36
5	1	1943.83116579	12	4	6	2.44444444444	56.7207	3600.0	48.49	power	0.2	10	36
6	1	1300.39143205	9	3	6	3.06666666667	56.7207	3600.0	49.98	power	0.2	10	36
7	1	1598.15405202	10	3	7	2.86666666667	56.7207	3600.0	49.17	power	0.2	10	36
8	1	2590.8812449	9	4	6	2.82222222222	56.7207	3600.0	48.74	power	0.2	10	36
9	1	1829.87913609	10	4	5	2.53333333333	56.7207	3600.0	49.62	power	0.2	10	36
10	1	803.58061409	9	4	6	2.97777777778	56.7207	3600.0	47.64	power	0.2	10	36
1	1	2338.41908383	11	4	6	2.72727272727	41.9991	3200.0	45.26	power	0.2	11	36
2	1	2274.30398202	11	4	6	2.90909090909	56.7207	3600.0	49.89	power	0.2	11	36
3	1	1567.06997013	10	3	7	3.12727272727	56.7207	3600.0	49.86	power	0.2	11	36
4	1	2612.34977198	12	5	6	2.76363636364	56.7207	3600.0	49.68	power	0.2	11	36
5	1	2340.43884897	13	4	5	2.43636363636	41.9991	3200.0	44.36	power	0.2	11	36
6	1	2105.42775297	11	5	5	2.61818181818	56.7207	3600.0	49.61	power	0.2	11	36
7	1	2200.93879604	12	4	7	2.94545454545	56.7207	3600.0	48.96	power	0.2	11	36
8	1	2732.33624911	12	4	6	2.72727272727	41.9991	3200.0	44.91	power	0.2	11	36
9	1	2176.26346612	10	3	6	3.05454545455	41.9991	3200.0	44.24	power	0.2	11	36
10	1	1059.29921198	11	4	7	2.94545454545	56.7207	3600.0	49.76	power	0.2	11	36
1	1	2560.62079096	12	4	8	3.42424242424	56.7207	3600.0	49.39	power	0.2	12	36
2	1	2837.04033184	12	4	6	2.87878787879	41.9991	3200.0	44.86	power	0.2	12	36
3	1	2397.73747301	12	4	8	3.24242424242	56.7207	3600.0	49.47	power	0.2	12	36
4	1	2472.11482286	12	3	9	3.54545454545	56.7207	3600.0	49.37	power	0.2	12	36
5	1	2878.76700091	13	4	7	2.95454545455	56.7207	3600.0	48.82	power	0.2	12	36
6	1	5011.30756903	11	6	8	3.27272727273	41.9991	3200.0	43.92	power	0.2	12	36
7	1	2785.78738093	14	4	5	2.48484848485	41.9991	3200.0	46.67	power	0.2	12	36
8	1	2799.00215387	12	4	9	3.48484848485	56.7207	3600.0	47.88	power	0.2	12	36
9	1	2216.97476101	11	4	8	3.36363636364	56.7207	3600.0	48.99	power	0.2	12	36
10	1	1888.20925498	12	5	8	3.37878787879	56.7207	3600.0	49.58	power	0.2	12	36
1	1	4816.06687212	13	6	8	3.33333333333	56.7207	3600.0	49.92	power	0.2	13	36
2	1	3384.50876093	14	3	6	2.89743589744	41.9991	3200.0	48.81	power	0.2	13	36
3	1	6375.60508704	12	7	9	3.76923076923	56.7207	3600.0	49.8	power	0.2	13	36
4	1	3500.61257315	14	4	10	3.74358974359	56.7207	3600.0	47.72	power	0.2	13	36
5	1	4777.30179906	13	5	9	3.58974358974	56.7207	3600.0	49.23	power	0.2	13	36
6	1	4108.55669498	13	7	8	3.41025641026	56.7207	3600.0	47.54	power	0.2	13	36
7	1	1753.58324099	13	5	9	3.66666666667	56.7207	3600.0	48.46	power	0.2	13	36
8	1	2724.88191891	12	5	9	3.79487179487	56.7207	3600.0	49.8	power	0.2	13	36
9	1	5655.99295688	13	6	7	3.23076923077	56.7207	3600.0	48.61	power	0.2	13	36
10	1	4277.65178299	13	5	10	3.89743589744	56.7207	3600.0	49.92	power	0.2	13	36
1	1	83.5847029686	3	2	2	1.5	56.7207	3600.0	41.24	power	0.1	4	36
2	1	72.2428231239	3	2	3	1.66666666667	56.7207	3600.0	39.45	power	0.1	4	36
3	1	74.4500010014	3	3	3	1.66666666667	56.7207	3600.0	41.22	power	0.1	4	36
4	1	76.342856884	3	2	3	1.66666666667	56.7207	3600.0	39.45	power	0.1	4	36
5	1	73.2245440483	3	3	3	1.66666666667	56.7207	3600.0	38.52	power	0.1	4	36
6	1	67.2264881134	3	3	3	1.66666666667	56.7207	3600.0	37.54	power	0.1	4	36
7	1	80.0714569092	3	3	3	1.66666666667	56.7207	3600.0	37.68	power	0.1	4	36
8	1	78.2636311054	3	2	3	1.66666666667	56.7207	3600.0	39.87	power	0.1	4	36
9	1	79.5828619003	3	2	2	1.5	56.7207	3600.0	41.24	power	0.1	4	36
10	1	77.6166758537	3	2	3	1.66666666667	56.7207	3600.0	39.71	power	0.1	4	36
1	1	130.361974955	4	3	3	1.8	56.7207	3600.0	41.49	power	0.1	5	36
2	1	160.698055983	4	3	3	1.8	56.7207	3600.0	43.98	power	0.1	5	36
3	1	138.966716051	4	2	3	1.8	56.7207	3600.0	44.27	power	0.1	5	36
4	1	142.841984034	4	3	4	2.0	56.7207	3600.0	45.17	power	0.1	5	36
5	1	140.394554853	4	2	4	2.0	56.7207	3600.0	40.21	power	0.1	5	36
6	1	150.840348005	4	2	4	2.0	56.7207	3600.0	41.19	power	0.1	5	36
7	1	178.211910009	5	3	3	1.6	56.7207	3600.0	41.54	power	0.1	5	36
8	1	133.080803156	4	2	4	2.0	56.7207	3600.0	46.24	power	0.1	5	36
9	1	143.987086058	4	2	3	1.8	56.7207	3600.0	41.57	power	0.1	5	36
10	1	143.593192816	4	2	4	2.0	56.7207	3600.0	41.14	power	0.1	5	36
1	1	324.445005178	5	4	4	2.13333333333	56.7207	3600.0	40.03	power	0.1	6	36
2	1	276.413378	5	3	3	1.93333333333	56.7207	3600.0	42.5	power	0.1	6	36
3	1	222.18325901	6	3	3	1.8	56.7207	3600.0	42.1	power	0.1	6	36
4	1	184.923193216	5	2	5	2.33333333333	56.7207	3600.0	47.19	power	0.1	6	36
5	1	214.018898964	5	2	4	2.13333333333	56.7207	3600.0	44.16	power	0.1	6	36
6	1	241.830703974	5	2	3	1.86666666667	56.7207	3600.0	47.12	power	0.1	6	36
7	1	206.425134897	5	2	4	2.13333333333	56.7207	3600.0	44.16	power	0.1	6	36
8	1	193.863511086	5	2	4	2.13333333333	56.7207	3600.0	44.2	power	0.1	6	36
9	1	260.880120039	5	2	3	1.86666666667	56.7207	3600.0	47.12	power	0.1	6	36
10	1	206.636874914	5	3	4	2.06666666667	56.7207	3600.0	43.19	power	0.1	6	36
1	1	357.27056098	8	3	4	1.90476190476	56.7207	3600.0	44.08	power	0.1	7	36
2	1	301.317596912	6	4	5	2.38095238095	56.7207	3600.0	42.86	power	0.1	7	36
3	1	352.180171013	6	3	5	2.47619047619	56.7207	3600.0	43.46	power	0.1	7	36
4	1	335.231755018	7	3	4	2.0	56.7207	3600.0	48.79	power	0.1	7	36
5	1	385.704416037	7	3	4	2.0	56.7207	3600.0	45.33	power	0.1	7	36
6	1	285.227172136	6	2	5	2.38095238095	56.7207	3600.0	46.88	power	0.1	7	36
7	1	322.816352844	6	3	6	2.66666666667	56.7207	3600.0	44.45	power	0.1	7	36
8	1	353.58585	7	3	4	2.0	56.7207	3600.0	44.24	power	0.1	7	36
9	1	421.997163057	6	3	4	2.19047619048	56.7207	3600.0	49.22	power	0.1	7	36
10	1	372.021547079	7	4	4	2.09523809524	56.7207	3600.0	46.42	power	0.1	7	36
1	1	473.359789133	8	4	5	2.42857142857	56.7207	3600.0	43.6	power	0.1	8	36
2	1	472.632221937	7	3	5	2.42857142857	56.7207	3600.0	47.88	power	0.1	8	36
3	1	570.302299976	8	3	4	2.17857142857	56.7207	3600.0	48.42	power	0.1	8	36
4	1	401.732581854	8	2	5	2.25	56.7207	3600.0	47.51	power	0.1	8	36
5	1	442.662961006	9	3	4	2.10714285714	56.7207	3600.0	46.18	power	0.1	8	36
6	1	556.491097927	8	4	5	2.42857142857	56.7207	3600.0	46.74	power	0.1	8	36
7	1	496.97548604	8	3	5	2.42857142857	56.7207	3600.0	46.12	power	0.1	8	36
8	1	473.426399946	7	3	5	2.42857142857	56.7207	3600.0	44.6	power	0.1	8	36
9	1	526.282565117	7	4	5	2.64285714286	56.7207	3600.0	47.36	power	0.1	8	36
10	1	790.995055914	7	3	5	2.57142857143	56.7207	3600.0	44.21	power	0.1	8	36
1	1	666.072412968	10	4	5	2.22222222222	56.7207	3600.0	47.02	power	0.1	9	36
2	1	673.107208014	10	4	5	2.27777777778	56.7207	3600.0	47.31	power	0.1	9	36
3	1	580.832770109	9	3	6	2.66666666667	56.7207	3600.0	46.34	power	0.1	9	36
4	1	885.265197039	9	3	5	2.38888888889	56.7207	3600.0	49.45	power	0.1	9	36
5	1	1184.73253012	9	3	5	2.44444444444	56.7207	3600.0	46.64	power	0.1	9	36
6	1	559.602525949	9	3	5	2.5	56.7207	3600.0	46.0	power	0.1	9	36
7	1	680.734753847	9	4	5	2.55555555556	56.7207	3600.0	48.79	power	0.1	9	36
8	1	826.035568953	9	3	5	2.5	56.7207	3600.0	49.79	power	0.1	9	36
9	1	678.17001605	8	2	5	2.55555555556	56.7207	3600.0	49.35	power	0.1	9	36
10	1	569.949615002	9	3	6	2.55555555556	56.7207	3600.0	46.94	power	0.1	9	36
1	1	1255.18156004	9	5	7	3.13333333333	56.7207	3600.0	44.67	power	0.1	10	36
2	1	1505.94710207	9	5	6	2.86666666667	56.7207	3600.0	49.5	power	0.1	10	36
3	1	1181.52971816	9	3	6	2.86666666667	56.7207	3600.0	48.48	power	0.1	10	36
4	1	774.51589179	12	3	6	2.51111111111	56.7207	3600.0	48.19	power	0.1	10	36
5	1	1353.04402184	11	4	6	2.53333333333	56.7207	3600.0	48.65	power	0.1	10	36
6	1	1053.20435095	10	3	5	2.51111111111	56.7207	3600.0	49.45	power	0.1	10	36
7	1	967.630939007	9	4	6	2.97777777778	56.7207	3600.0	46.3	power	0.1	10	36
8	1	635.680670023	9	3	6	2.88888888889	56.7207	3600.0	47.72	power	0.1	10	36
9	1	938.943439007	10	4	6	2.75555555556	56.7207	3600.0	47.25	power	0.1	10	36
10	1	876.765201807	12	4	4	2.2	56.7207	3600.0	49.24	power	0.1	10	36
1	1	1430.27186179	12	3	6	2.69090909091	56.7207	3600.0	49.91	power	0.1	11	36
2	1	1510.47034097	11	5	6	2.98181818182	56.7207	3600.0	45.95	power	0.1	11	36
3	1	1233.41841698	12	3	5	2.61818181818	56.7207	3600.0	49.63	power	0.1	11	36
4	1	985.170859814	11	4	6	2.87272727273	56.7207	3600.0	47.36	power	0.1	11	36
5	1	1607.70195699	11	4	6	2.83636363636	56.7207	3600.0	48.36	power	0.1	11	36
6	1	1457.67582512	11	5	6	2.87272727273	56.7207	3600.0	46.43	power	0.1	11	36
7	1	1859.85891199	11	4	6	2.83636363636	56.7207	3600.0	49.02	power	0.1	11	36
8	1	1326.68947005	11	4	4	2.54545454545	56.7207	3600.0	48.91	power	0.1	11	36
9	1	1286.02995992	12	3	7	3.09090909091	56.7207	3600.0	49.5	power	0.1	11	36
10	1	1198.79805088	12	4	7	2.90909090909	56.7207	3600.0	49.35	power	0.1	11	36
1	1	1271.12602711	16	4	5	2.37878787879	56.7207	3600.0	48.25	power	0.1	12	36
2	1	2458.683393	14	4	7	2.78787878788	56.7207	3600.0	48.71	power	0.1	12	36
3	1	2491.49793696	14	3	6	2.65151515152	56.7207	3600.0	49.66	power	0.1	12	36
4	1	2196.35818386	13	4	6	2.93939393939	56.7207	3600.0	49.6	power	0.1	12	36
5	1	1543.13546801	13	3	7	3.09090909091	56.7207	3600.0	48.03	power	0.1	12	36
6	1	875.652284861	11	4	9	3.65151515152	56.7207	3600.0	47.23	power	0.1	12	36
7	1	1240.80737305	13	4	7	3.01515151515	56.7207	3600.0	49.87	power	0.1	12	36
8	1	1647.15061998	12	4	9	3.60606060606	56.7207	3600.0	47.66	power	0.1	12	36
9	1	1270.6097858	11	4	8	3.48484848485	56.7207	3600.0	49.68	power	0.1	12	36
10	1	2478.15229487	14	5	6	2.69696969697	56.7207	3600.0	48.77	power	0.1	12	36
1	1	1805.0947721	14	5	8	3.25641025641	56.7207	3600.0	49.49	power	0.1	13	36
2	1	3370.59473205	14	5	7	3.05128205128	56.7207	3600.0	49.78	power	0.1	13	36
3	1	1682.59011507	13	4	8	3.30769230769	56.7207	3600.0	49.92	power	0.1	13	36
4	1	2583.46398807	13	4	7	3.4358974359	56.7207	3600.0	49.85	power	0.1	13	36
5	1	3791.06575608	13	5	7	3.23076923077	56.7207	3600.0	48.61	power	0.1	13	36
6	1	3307.02000308	13	4	6	3.0	56.7207	3600.0	49.84	power	0.1	13	36
7	1	2407.29570889	14	4	7	3.0	56.7207	3600.0	49.94	power	0.1	13	36
8	1	1122.97122002	12	4	11	4.28205128205	56.7207	3600.0	45.88	power	0.1	13	36
9	1	924.80538106	12	3	8	3.58974358974	56.7207	3600.0	48.97	power	0.1	13	36
10	1	1145.07325101	15	3	8	3.17948717949	56.7207	3600.0	49.0	power	0.1	13	36
