trial	chips_added_at_a_time	execution_time	edges	levels	diameter	ASPL	power	frequency	tempurature	picked_by	overlap	numchips	candidates
1	3	245.864784956	6	3	3	1.8	56.7207	3600.0	45.82	power	0.1	6	31
2	3	258.429215908	5	3	4	2.06666666667	56.7207	3600.0	45.99	power	0.1	6	31
3	3	305.397171974	6	2	3	1.73333333333	56.7207	3600.0	49.59	power	0.1	6	31
4	3	231.575909138	5	4	4	2.13333333333	56.7207	3600.0	46.05	power	0.1	6	31
5	3	270.947202921	5	3	4	2.06666666667	56.7207	3600.0	46.01	power	0.1	6	31
6	3	235.135088921	5	3	4	2.13333333333	56.7207	3600.0	45.2	power	0.1	6	31
7	3	365.813913107	5	3	4	2.06666666667	56.7207	3600.0	43.58	power	0.1	6	31
8	3	334.279002905	5	3	4	2.06666666667	56.7207	3600.0	48.48	power	0.1	6	31
9	3	234.901799917	5	4	5	2.33333333333	56.7207	3600.0	43.43	power	0.1	6	31
10	3	295.952886105	5	3	4	2.06666666667	56.7207	3600.0	43.42	power	0.1	6	31
1	3	262.573993206	5	3	3	1.93333333333	56.7207	3600.0	46.71	power	0.1	6	32
2	3	251.928050995	5	3	5	2.33333333333	56.7207	3600.0	45.29	power	0.1	6	32
3	3	218.895239115	6	3	3	1.8	56.7207	3600.0	45.88	power	0.1	6	32
4	3	253.877614975	6	3	3	1.73333333333	56.7207	3600.0	48.24	power	0.1	6	32
5	3	398.271861076	6	3	4	1.93333333333	56.7207	3600.0	44.99	power	0.1	6	32
6	3	277.80776	5	3	5	2.33333333333	56.7207	3600.0	45.68	power	0.1	6	32
7	3	278.479294062	6	3	4	1.93333333333	56.7207	3600.0	46.03	power	0.1	6	32
8	3	241.297369003	5	3	5	2.33333333333	56.7207	3600.0	43.8	power	0.1	6	32
9	3	270.250110865	6	2	3	1.8	56.7207	3600.0	47.39	power	0.1	6	32
10	3	313.727821112	6	2	3	1.73333333333	56.7207	3600.0	47.41	power	0.1	6	32
1	3	241.549295187	5	2	4	2.13333333333	56.7207	3600.0	45.96	power	0.1	6	33
2	3	244.939477921	5	4	5	2.33333333333	56.7207	3600.0	43.9	power	0.1	6	33
3	3	325.800176144	5	2	4	2.13333333333	56.7207	3600.0	47.55	power	0.1	6	33
4	3	271.801156998	5	3	4	2.06666666667	56.7207	3600.0	48.09	power	0.1	6	33
5	3	326.391088009	5	2	3	1.93333333333	56.7207	3600.0	47.52	power	0.1	6	33
6	3	264.229494095	5	4	5	2.33333333333	56.7207	3600.0	44.52	power	0.1	6	33
7	3	293.39805007	6	3	3	1.8	56.7207	3600.0	45.44	power	0.1	6	33
8	3	426.026481867	5	3	4	2.13333333333	56.7207	3600.0	44.32	power	0.1	6	33
9	3	283.714396954	5	3	4	2.13333333333	56.7207	3600.0	45.12	power	0.1	6	33
10	3	332.214555979	5	2	4	2.13333333333	56.7207	3600.0	46.75	power	0.1	6	33
1	3	307.851331949	6	3	3	1.8	56.7207	3600.0	45.85	power	0.1	6	34
2	3	319.056782007	5	3	4	2.06666666667	56.7207	3600.0	46.08	power	0.1	6	34
3	3	265.648682833	6	3	3	1.73333333333	56.7207	3600.0	48.24	power	0.1	6	34
4	3	292.77046895	5	3	3	1.86666666667	56.7207	3600.0	46.24	power	0.1	6	34
5	3	287.679304123	5	3	4	2.13333333333	56.7207	3600.0	44.69	power	0.1	6	34
6	3	246.270838976	6	3	4	1.93333333333	56.7207	3600.0	47.1	power	0.1	6	34
7	3	410.42091918	5	2	5	2.33333333333	56.7207	3600.0	48.98	power	0.1	6	34
8	3	313.150526047	6	3	3	1.8	56.7207	3600.0	45.71	power	0.1	6	34
9	3	272.048770905	5	3	5	2.33333333333	56.7207	3600.0	43.8	power	0.1	6	34
10	3	245.867433071	6	3	3	1.8	56.7207	3600.0	46.5	power	0.1	6	34
1	3	250.33626008	6	3	4	1.93333333333	56.7207	3600.0	44.45	power	0.1	6	35
2	3	264.199972868	5	2	5	2.33333333333	56.7207	3600.0	44.37	power	0.1	6	35
3	3	281.020824909	5	3	4	2.13333333333	56.7207	3600.0	45.18	power	0.1	6	35
4	3	315.566684008	5	4	4	2.06666666667	56.7207	3600.0	44.93	power	0.1	6	35
5	3	297.498831034	6	2	3	1.73333333333	56.7207	3600.0	49.99	power	0.1	6	35
6	3	325.757759809	6	2	3	1.8	56.7207	3600.0	47.39	power	0.1	6	35
7	3	228.652597189	5	2	5	2.33333333333	56.7207	3600.0	45.82	power	0.1	6	35
8	3	310.232851028	5	3	4	2.06666666667	56.7207	3600.0	46.26	power	0.1	6	35
9	3	286.811954975	5	3	4	2.06666666667	56.7207	3600.0	44.95	power	0.1	6	35
10	3	248.163836002	5	3	5	2.33333333333	56.7207	3600.0	46.25	power	0.1	6	35
1	2	169.608893871	5	2	3	1.93333333333	56.7207	3600.0	49.03	power	0.1	6	15
2	2	247.480021	6	3	4	1.93333333333	56.7207	3600.0	45.09	power	0.1	6	15
3	2	284.112679005	6	2	3	1.8	56.7207	3600.0	48.73	power	0.1	6	15
4	2	242.29532814	5	3	4	2.13333333333	56.7207	3600.0	45.41	power	0.1	6	15
5	2	262.204213858	5	3	4	2.06666666667	56.7207	3600.0	44.98	power	0.1	6	15
6	2	250.443280935	6	3	4	1.86666666667	56.7207	3600.0	43.64	power	0.1	6	15
7	2	314.803529978	5	5	5	2.33333333333	56.7207	3600.0	41.53	power	0.1	6	15
8	2	307.238996029	5	4	4	2.06666666667	56.7207	3600.0	44.88	power	0.1	6	15
9	2	259.996356964	5	4	5	2.33333333333	56.7207	3600.0	47.41	power	0.1	6	15
10	2	196.619825125	5	3	4	2.06666666667	56.7207	3600.0	44.94	power	0.1	6	15
1	2	285.929089069	5	3	4	2.13333333333	56.7207	3600.0	46.09	power	0.1	6	16
2	2	406.733864069	5	2	4	2.13333333333	56.7207	3600.0	46.1	power	0.1	6	16
3	2	244.704847097	5	3	4	2.13333333333	56.7207	3600.0	44.46	power	0.1	6	16
4	2	300.28955102	5	2	4	2.13333333333	56.7207	3600.0	48.16	power	0.1	6	16
5	2	369.836188793	6	2	4	1.93333333333	56.7207	3600.0	49.88	power	0.1	6	16
6	2	281.601161003	5	3	5	2.33333333333	56.7207	3600.0	45.77	power	0.1	6	16
7	2	338.917345047	5	4	5	2.33333333333	56.7207	3600.0	43.27	power	0.1	6	16
8	2	270.303180933	5	3	4	2.13333333333	56.7207	3600.0	45.42	power	0.1	6	16
9	2	265.706503868	5	3	4	2.06666666667	56.7207	3600.0	44.58	power	0.1	6	16
10	2	291.276098013	5	3	5	2.33333333333	56.7207	3600.0	42.9	power	0.1	6	16
1	2	220.02762413	5	2	5	2.33333333333	56.7207	3600.0	44.55	power	0.1	6	17
2	2	248.732390881	5	3	5	2.33333333333	56.7207	3600.0	44.65	power	0.1	6	17
3	2	288.325359106	5	3	3	1.86666666667	56.7207	3600.0	47.81	power	0.1	6	17
4	2	201.069638014	5	2	4	2.13333333333	56.7207	3600.0	47.72	power	0.1	6	17
5	2	221.541833878	5	2	5	2.33333333333	56.7207	3600.0	47.25	power	0.1	6	17
6	2	396.357264996	5	5	5	2.33333333333	56.7207	3600.0	44.88	power	0.1	6	17
7	2	218.031513929	5	2	4	2.13333333333	56.7207	3600.0	46.18	power	0.1	6	17
8	2	238.062691927	6	3	3	1.8	56.7207	3600.0	46.46	power	0.1	6	17
9	2	272.668665171	5	3	5	2.33333333333	56.7207	3600.0	47.5	power	0.1	6	17
10	2	275.413030148	5	3	3	1.86666666667	56.7207	3600.0	49.62	power	0.1	6	17
1	2	218.276628971	5	2	4	2.06666666667	56.7207	3600.0	46.98	power	0.1	6	18
2	2	285.987416983	5	3	3	1.93333333333	56.7207	3600.0	47.26	power	0.1	6	18
3	2	287.775902033	6	3	4	1.93333333333	56.7207	3600.0	48.24	power	0.1	6	18
4	2	293.374705076	6	3	3	1.8	56.7207	3600.0	46.12	power	0.1	6	18
5	2	361.882076025	6	3	3	1.73333333333	56.7207	3600.0	48.24	power	0.1	6	18
6	2	250.411459923	5	3	4	2.06666666667	56.7207	3600.0	45.19	power	0.1	6	18
7	2	343.493170977	6	2	3	1.8	56.7207	3600.0	47.21	power	0.1	6	18
8	2	220.833237886	5	3	5	2.33333333333	56.7207	3600.0	45.34	power	0.1	6	18
9	2	261.507079124	6	2	3	1.8	56.7207	3600.0	47.6	power	0.1	6	18
10	2	281.51846981	5	4	4	2.13333333333	56.7207	3600.0	44.26	power	0.1	6	18
1	2	301.279134989	6	3	3	1.73333333333	56.7207	3600.0	48.24	power	0.1	6	19
2	2	289.367771864	5	3	4	2.13333333333	56.7207	3600.0	47.47	power	0.1	6	19
3	2	341.208739996	7	3	3	1.66666666667	56.7207	3600.0	47.47	power	0.1	6	19
4	2	313.964805841	5	3	4	2.06666666667	56.7207	3600.0	47.2	power	0.1	6	19
5	2	225.476701021	5	2	3	1.86666666667	56.7207	3600.0	47.91	power	0.1	6	19
6	2	294.086747885	6	3	3	1.8	56.7207	3600.0	46.06	power	0.1	6	19
7	2	314.804826975	5	3	4	2.06666666667	56.7207	3600.0	45.76	power	0.1	6	19
8	2	280.377999067	6	3	4	1.86666666667	56.7207	3600.0	45.35	power	0.1	6	19
9	2	248.595381975	5	2	3	1.86666666667	56.7207	3600.0	47.4	power	0.1	6	19
10	2	273.106370926	7	3	3	1.66666666667	56.7207	3600.0	45.59	power	0.1	6	19
1	1	275.526524067	5	2	4	2.13333333333	56.7207	3600.0	48.69	power	0.1	6	12
2	1	296.601107121	5	3	4	2.06666666667	56.7207	3600.0	49.0	power	0.1	6	12
3	1	261.265450001	6	3	3	1.8	56.7207	3600.0	46.12	power	0.1	6	12
4	1	262.997667074	5	2	4	2.06666666667	56.7207	3600.0	49.54	power	0.1	6	12
5	1	250.908828974	6	3	3	1.8	56.7207	3600.0	45.88	power	0.1	6	12
6	1	263.208566904	5	3	4	2.13333333333	56.7207	3600.0	45.05	power	0.1	6	12
7	1	288.425179958	6	2	3	1.8	56.7207	3600.0	49.62	power	0.1	6	12
8	1	224.532048225	6	2	4	1.86666666667	56.7207	3600.0	47.82	power	0.1	6	12
9	1	195.089252949	6	2	3	1.8	56.7207	3600.0	47.81	power	0.1	6	12
10	1	219.497178793	5	3	4	2.13333333333	56.7207	3600.0	44.45	power	0.1	6	12
1	1	241.420435905	6	2	4	1.86666666667	56.7207	3600.0	49.69	power	0.1	6	13
2	1	326.217933893	5	4	5	2.33333333333	56.7207	3600.0	42.29	power	0.1	6	13
3	1	342.83949399	6	3	3	1.8	56.7207	3600.0	46.5	power	0.1	6	13
4	1	298.013047934	5	3	4	2.06666666667	56.7207	3600.0	47.18	power	0.1	6	13
5	1	215.464648962	5	2	5	2.33333333333	56.7207	3600.0	46.52	power	0.1	6	13
6	1	283.75225997	6	3	3	1.73333333333	56.7207	3600.0	48.03	power	0.1	6	13
7	1	289.32487011	5	3	3	1.86666666667	56.7207	3600.0	49.62	power	0.1	6	13
8	1	329.083197117	6	3	4	1.93333333333	56.7207	3600.0	48.81	power	0.1	6	13
9	1	304.597172022	5	3	4	2.06666666667	56.7207	3600.0	43.96	power	0.1	6	13
10	1	287.534221172	6	3	4	1.93333333333	56.7207	3600.0	45.1	power	0.1	6	13
1	1	301.268177032	5	3	4	2.13333333333	56.7207	3600.0	44.76	power	0.1	6	14
2	1	312.885353088	5	3	3	1.93333333333	56.7207	3600.0	47.52	power	0.1	6	14
3	1	311.520635843	5	3	4	2.06666666667	56.7207	3600.0	47.99	power	0.1	6	14
4	1	350.50552392	5	3	5	2.33333333333	56.7207	3600.0	45.03	power	0.1	6	14
5	1	246.125239134	5	3	4	2.06666666667	56.7207	3600.0	45.39	power	0.1	6	14
6	1	437.611296177	5	4	4	2.06666666667	56.7207	3600.0	43.95	power	0.1	6	14
7	1	344.077920914	5	3	5	2.33333333333	56.7207	3600.0	44.6	power	0.1	6	14
8	1	346.642642021	5	3	5	2.33333333333	56.7207	3600.0	44.61	power	0.1	6	14
9	1	311.994359016	5	2	4	2.13333333333	56.7207	3600.0	49.33	power	0.1	6	14
10	1	286.224215031	5	3	3	1.93333333333	56.7207	3600.0	45.83	power	0.1	6	14
1	1	314.252617836	5	2	4	2.13333333333	56.7207	3600.0	46.03	power	0.1	6	15
2	1	341.238526106	6	3	3	1.8	56.7207	3600.0	45.72	power	0.1	6	15
3	1	383.558717012	5	3	5	2.33333333333	56.7207	3600.0	43.98	power	0.1	6	15
4	1	384.180048943	5	3	4	2.06666666667	56.7207	3600.0	46.1	power	0.1	6	15
5	1	367.076967001	5	2	4	2.06666666667	56.7207	3600.0	49.34	power	0.1	6	15
6	1	340.862576008	5	2	5	2.33333333333	56.7207	3600.0	44.91	power	0.1	6	15
7	1	247.212962866	6	3	4	1.93333333333	56.7207	3600.0	45.1	power	0.1	6	15
8	1	389.394255161	6	2	4	1.86666666667	56.7207	3600.0	49.28	power	0.1	6	15
9	1	408.717817783	5	3	3	1.86666666667	56.7207	3600.0	48.09	power	0.1	6	15
10	1	341.69074893	6	3	3	1.8	56.7207	3600.0	46.53	power	0.1	6	15
1	1	319.303615093	5	3	4	2.13333333333	56.7207	3600.0	45.26	power	0.1	6	16
2	1	355.202713966	6	2	4	1.86666666667	56.7207	3600.0	49.69	power	0.1	6	16
3	1	402.042023897	5	4	5	2.33333333333	56.7207	3600.0	44.8	power	0.1	6	16
4	1	246.726112127	5	2	4	2.13333333333	56.7207	3600.0	48.16	power	0.1	6	16
5	1	260.558974981	5	2	5	2.33333333333	56.7207	3600.0	45.29	power	0.1	6	16
6	1	432.706372023	6	3	3	1.73333333333	56.7207	3600.0	48.03	power	0.1	6	16
7	1	353.910216093	6	3	3	1.73333333333	56.7207	3600.0	45.87	power	0.1	6	16
8	1	393.795312166	5	3	4	2.13333333333	56.7207	3600.0	45.51	power	0.1	6	16
9	1	346.82678318	6	3	3	1.8	56.7207	3600.0	45.71	power	0.1	6	16
10	1	300.39657712	5	2	5	2.33333333333	56.7207	3600.0	43.93	power	0.1	6	16
1	cradle	238.34789896	5	3	5	2.33333333333	56.7207	3600.0	42.53	power	0.1	6	30
2	cradle	268.918775797	5	2	4	2.13333333333	56.7207	3600.0	45.76	power	0.1	6	30
3	cradle	268.131546974	5	2	4	2.13333333333	56.7207	3600.0	45.76	power	0.1	6	30
4	cradle	213.210134029	5	2	4	2.13333333333	56.7207	3600.0	45.76	power	0.1	6	30
5	cradle	337.776716948	6	2	4	1.86666666667	56.7207	3600.0	47.83	power	0.1	6	30
6	cradle	180.204939127	5	2	4	2.13333333333	56.7207	3600.0	46.92	power	0.1	6	30
7	cradle	210.792088985	5	2	4	2.13333333333	56.7207	3600.0	46.92	power	0.1	6	30
8	cradle	263.257860184	5	2	4	2.13333333333	56.7207	3600.0	44.45	power	0.1	6	30
9	cradle	193.550522089	5	2	5	2.33333333333	56.7207	3600.0	44.13	power	0.1	6	30
10	cradle	264.425942183	5	2	5	2.33333333333	56.7207	3600.0	41.88	power	0.1	6	30
1	cradle	278.476794004	5	3	5	2.33333333333	56.7207	3600.0	44.42	power	0.1	6	31
2	cradle	268.653556108	5	3	5	2.33333333333	56.7207	3600.0	43.23	power	0.1	6	31
3	cradle	230.372315168	5	2	4	2.13333333333	56.7207	3600.0	44.45	power	0.1	6	31
4	cradle	227.285020828	7	3	3	1.66666666667	56.7207	3600.0	45.59	power	0.1	6	31
5	cradle	283.541540146	7	3	3	1.66666666667	56.7207	3600.0	45.59	power	0.1	6	31
6	cradle	258.896970034	5	2	4	2.13333333333	56.7207	3600.0	45.71	power	0.1	6	31
7	cradle	243.866959095	5	4	4	2.13333333333	56.7207	3600.0	44.51	power	0.1	6	31
8	cradle	215.818760157	6	2	4	1.86666666667	56.7207	3600.0	47.4	power	0.1	6	31
9	cradle	296.007495165	7	3	3	1.66666666667	56.7207	3600.0	47.47	power	0.1	6	31
10	cradle	268.101376057	5	3	5	2.33333333333	56.7207	3600.0	45.68	power	0.1	6	31
1	cradle	220.693763971	7	3	3	1.66666666667	56.7207	3600.0	47.47	power	0.1	6	32
2	cradle	197.407633066	5	2	5	2.33333333333	56.7207	3600.0	41.88	power	0.1	6	32
3	cradle	309.346284866	5	3	5	2.33333333333	56.7207	3600.0	45.48	power	0.1	6	32
4	cradle	287.47321701	6	2	4	1.86666666667	56.7207	3600.0	45.31	power	0.1	6	32
5	cradle	222.607074976	6	2	4	1.86666666667	56.7207	3600.0	49.69	power	0.1	6	32
6	cradle	192.042953968	6	2	4	1.86666666667	56.7207	3600.0	47.83	power	0.1	6	32
7	cradle	274.262304068	5	3	5	2.33333333333	56.7207	3600.0	42.96	power	0.1	6	32
8	cradle	284.940639973	5	3	5	2.33333333333	56.7207	3600.0	44.34	power	0.1	6	32
9	cradle	234.166565895	6	2	4	1.86666666667	56.7207	3600.0	47.59	power	0.1	6	32
10	cradle	293.028527975	7	3	3	1.66666666667	56.7207	3600.0	47.47	power	0.1	6	32
1	cradle	291.697804928	5	3	5	2.33333333333	56.7207	3600.0	44.34	power	0.1	6	33
2	cradle	228.299881935	5	3	5	2.33333333333	56.7207	3600.0	42.48	power	0.1	6	33
3	cradle	270.976497889	5	2	5	2.33333333333	56.7207	3600.0	44.82	power	0.1	6	33
4	cradle	207.21807003	5	3	5	2.33333333333	56.7207	3600.0	43.03	power	0.1	6	33
5	cradle	256.285941124	5	2	4	2.13333333333	56.7207	3600.0	46.92	power	0.1	6	33
6	cradle	251.960890055	5	3	5	2.33333333333	56.7207	3600.0	45.31	power	0.1	6	33
7	cradle	216.068041086	5	3	5	2.33333333333	56.7207	3600.0	43.23	power	0.1	6	33
8	cradle	259.865891933	7	3	3	1.66666666667	56.7207	3600.0	45.59	power	0.1	6	33
9	cradle	284.017734051	5	3	5	2.33333333333	56.7207	3600.0	43.23	power	0.1	6	33
10	cradle	203.851180077	5	3	5	2.33333333333	56.7207	3600.0	42.53	power	0.1	6	33
1	cradle	248.079046965	5	2	4	2.13333333333	56.7207	3600.0	45.76	power	0.1	6	34
2	cradle	270.257166862	5	3	5	2.33333333333	56.7207	3600.0	44.77	power	0.1	6	34
3	cradle	281.820551872	5	3	5	2.33333333333	56.7207	3600.0	44.69	power	0.1	6	34
4	cradle	251.70152092	5	3	5	2.33333333333	56.7207	3600.0	42.53	power	0.1	6	34
5	cradle	218.850667953	5	3	5	2.33333333333	56.7207	3600.0	42.96	power	0.1	6	34
6	cradle	307.808084965	5	3	5	2.33333333333	56.7207	3600.0	42.71	power	0.1	6	34
7	cradle	260.822262049	5	2	4	2.13333333333	56.7207	3600.0	46.92	power	0.1	6	34
8	cradle	230.214023113	5	3	5	2.33333333333	56.7207	3600.0	44.75	power	0.1	6	34
9	cradle	199.611762047	5	2	4	2.13333333333	56.7207	3600.0	46.52	power	0.1	6	34
10	cradle	256.037963152	6	2	4	1.86666666667	56.7207	3600.0	47.4	power	0.1	6	34
1	3	277.202452183	6	2	4	1.93333333333	56.7207	3600.0	49.14	power	0.2	6	10
2	3	283.779772043	6	3	3	1.8	56.7207	3600.0	47.31	power	0.2	6	10
3	3	280.760421038	5	3	3	1.93333333333	56.7207	3600.0	48.22	power	0.2	6	10
4	3	339.518478155	5	3	3	1.93333333333	56.7207	3600.0	48.21	power	0.2	6	10
5	3	282.004400969	5	3	5	2.33333333333	56.7207	3600.0	43.71	power	0.2	6	10
6	3	139.214925051	6	3	3	1.73333333333	56.7207	3600.0	48.06	power	0.2	6	10
7	3	278.590910196	6	3	3	1.8	56.7207	3600.0	48.87	power	0.2	6	10
8	3	278.079214096	6	2	3	1.8	56.7207	3600.0	49.57	power	0.2	6	10
9	3	294.855823994	5	3	4	2.13333333333	56.7207	3600.0	46.86	power	0.2	6	10
10	3	310.453382015	5	3	5	2.33333333333	56.7207	3600.0	46.82	power	0.2	6	10
1	3	141.139904976	6	3	4	1.86666666667	56.7207	3600.0	46.91	power	0.2	6	11
2	3	283.819281101	6	3	3	1.8	56.7207	3600.0	48.81	power	0.2	6	11
3	3	284.148897886	5	3	4	2.13333333333	56.7207	3600.0	49.6	power	0.2	6	11
4	3	280.064656973	6	3	3	1.8	56.7207	3600.0	48.87	power	0.2	6	11
5	3	273.988056898	5	2	4	2.13333333333	56.7207	3600.0	47.88	power	0.2	6	11
6	3	282.590955019	5	3	4	2.06666666667	56.7207	3600.0	46.87	power	0.2	6	11
7	3	385.423511982	5	3	5	2.33333333333	56.7207	3600.0	47.19	power	0.2	6	11
8	3	351.521095037	6	3	3	1.8	56.7207	3600.0	48.72	power	0.2	6	11
9	3	273.774857998	6	3	3	1.8	56.7207	3600.0	49.26	power	0.2	6	11
10	3	343.300270081	5	3	4	2.13333333333	56.7207	3600.0	46.77	power	0.2	6	11
1	3	337.538695097	5	3	4	2.13333333333	56.7207	3600.0	49.57	power	0.2	6	12
2	3	289.165343046	6	3	3	1.8	56.7207	3600.0	47.71	power	0.2	6	12
3	3	188.158638	6	3	3	1.8	56.7207	3600.0	47.59	power	0.2	6	12
4	3	287.738002062	5	3	5	2.33333333333	56.7207	3600.0	47.19	power	0.2	6	12
5	3	352.314445972	5	3	4	2.06666666667	56.7207	3600.0	47.55	power	0.2	6	12
6	3	286.181391001	7	3	3	1.66666666667	56.7207	3600.0	49.76	power	0.2	6	12
7	3	320.935230017	5	3	4	2.06666666667	56.7207	3600.0	47.28	power	0.2	6	12
8	3	317.822905064	5	2	4	2.06666666667	56.7207	3600.0	49.35	power	0.2	6	12
9	3	281.205025911	5	2	3	1.93333333333	56.7207	3600.0	49.71	power	0.2	6	12
10	3	341.825860023	5	3	4	2.06666666667	56.7207	3600.0	49.42	power	0.2	6	12
1	3	360.126461983	5	3	3	1.93333333333	56.7207	3600.0	47.81	power	0.2	6	13
2	3	425.757510185	6	3	4	1.93333333333	56.7207	3600.0	49.65	power	0.2	6	13
3	3	327.092921972	5	3	3	1.86666666667	56.7207	3600.0	48.02	power	0.2	6	13
4	3	104.356499195	5	2	3	1.93333333333	56.7207	3600.0	49.71	power	0.2	6	13
5	3	361.352174997	5	4	4	2.06666666667	56.7207	3600.0	47.03	power	0.2	6	13
6	3	340.669136047	5	3	3	1.93333333333	56.7207	3600.0	48.1	power	0.2	6	13
7	3	353.272041082	5	3	3	1.93333333333	56.7207	3600.0	47.59	power	0.2	6	13
8	3	412.167579174	5	3	5	2.33333333333	56.7207	3600.0	46.07	power	0.2	6	13
9	3	289.621140957	6	2	3	1.8	56.7207	3600.0	49.57	power	0.2	6	13
10	3	276.635591984	5	3	5	2.33333333333	56.7207	3600.0	46.06	power	0.2	6	13
1	3	310.151941061	5	4	5	2.33333333333	56.7207	3600.0	45.78	power	0.2	6	14
2	3	340.385523081	5	4	4	2.13333333333	56.7207	3600.0	44.47	power	0.2	6	14
3	3	363.927270174	6	3	3	1.8	56.7207	3600.0	47.45	power	0.2	6	14
4	3	228.878773928	5	3	4	2.06666666667	56.7207	3600.0	46.57	power	0.2	6	14
5	3	379.75300312	5	4	4	2.13333333333	56.7207	3600.0	46.39	power	0.2	6	14
6	3	334.878202915	5	3	5	2.33333333333	56.7207	3600.0	47.63	power	0.2	6	14
7	3	371.042755127	6	2	3	1.8	56.7207	3600.0	49.63	power	0.2	6	14
8	3	380.996508121	5	3	4	2.06666666667	56.7207	3600.0	47.95	power	0.2	6	14
9	3	373.218780994	5	4	4	2.06666666667	56.7207	3600.0	46.98	power	0.2	6	14
10	3	391.033396006	5	2	4	2.06666666667	56.7207	3600.0	49.3	power	0.2	6	14
1	2	210.911044836	5	3	3	1.86666666667	56.7207	3600.0	48.22	power	0.2	6	7
2	2	414.68682003	5	3	4	2.13333333333	56.7207	3600.0	49.34	power	0.2	6	7
3	2	262.211047888	5	2	5	2.33333333333	56.7207	3600.0	46.99	power	0.2	6	7
4	2	351.699923038	6	3	3	1.8	56.7207	3600.0	47.49	power	0.2	6	7
5	2	210.300668001	5	4	5	2.33333333333	56.7207	3600.0	45.21	power	0.2	6	7
6	2	107.195536137	5	3	4	2.06666666667	56.7207	3600.0	48.05	power	0.2	6	7
7	2	204.735029221	5	3	5	2.33333333333	56.7207	3600.0	45.73	power	0.2	6	7
8	2	350.392464876	6	3	3	1.8	56.7207	3600.0	47.7	power	0.2	6	7
9	2	547.146467924	5	3	4	2.13333333333	56.7207	3600.0	48.05	power	0.2	6	7
10	2	258.57063508	5	4	5	2.33333333333	56.7207	3600.0	46.76	power	0.2	6	7
1	2	179.991863012	5	2	5	2.33333333333	56.7207	3600.0	47.72	power	0.2	6	8
2	2	464.070866108	5	4	4	2.13333333333	56.7207	3600.0	45.94	power	0.2	6	8
3	2	418.553867102	5	2	4	2.13333333333	56.7207	3600.0	47.36	power	0.2	6	8
4	2	221.488381863	5	3	4	2.06666666667	56.7207	3600.0	47.46	power	0.2	6	8
5	2	269.352487803	5	2	4	2.06666666667	56.7207	3600.0	48.96	power	0.2	6	8
6	2	253.162451029	5	3	4	2.13333333333	56.7207	3600.0	46.52	power	0.2	6	8
7	2	209.741253138	5	2	5	2.33333333333	56.7207	3600.0	46.69	power	0.2	6	8
8	2	232.881140232	6	3	3	1.8	56.7207	3600.0	48.02	power	0.2	6	8
9	2	342.427450895	5	4	5	2.33333333333	56.7207	3600.0	47.62	power	0.2	6	8
10	2	142.815251827	5	3	5	2.33333333333	56.7207	3600.0	45.58	power	0.2	6	8
1	2	273.704173088	5	4	5	2.33333333333	56.7207	3600.0	45.15	power	0.2	6	9
2	2	465.169972897	6	3	3	1.8	56.7207	3600.0	47.9	power	0.2	6	9
3	2	253.950726032	5	3	3	1.86666666667	56.7207	3600.0	48.2	power	0.2	6	9
4	2	191.394298077	5	3	4	2.06666666667	56.7207	3600.0	46.66	power	0.2	6	9
5	2	313.725188971	5	3	4	2.13333333333	56.7207	3600.0	47.25	power	0.2	6	9
6	2	340.803755999	6	3	4	1.93333333333	56.7207	3600.0	47.75	power	0.2	6	9
7	2	189.783426046	5	3	4	2.13333333333	56.7207	3600.0	46.81	power	0.2	6	9
8	2	326.813156843	5	4	4	2.13333333333	56.7207	3600.0	47.71	power	0.2	6	9
9	2	337.490921021	5	3	4	2.13333333333	56.7207	3600.0	49.05	power	0.2	6	9
10	2	248.308873177	6	3	3	1.8	56.7207	3600.0	47.71	power	0.2	6	9
1	2	228.62795496	5	3	4	2.06666666667	56.7207	3600.0	46.08	power	0.2	6	10
2	2	277.442808151	5	3	4	2.06666666667	56.7207	3600.0	47.87	power	0.2	6	10
3	2	272.249107122	6	2	4	1.93333333333	56.7207	3600.0	49.02	power	0.2	6	10
4	2	444.835294962	6	3	3	1.8	56.7207	3600.0	49.26	power	0.2	6	10
5	2	142.02835083	5	2	3	1.86666666667	56.7207	3600.0	49.81	power	0.2	6	10
6	2	417.923362017	5	3	3	1.86666666667	56.7207	3600.0	48.43	power	0.2	6	10
7	2	617.825351	5	3	5	2.33333333333	56.7207	3600.0	45.23	power	0.2	6	10
8	2	497.896813154	5	3	3	1.93333333333	56.7207	3600.0	47.81	power	0.2	6	10
9	2	481.597347975	6	3	4	1.93333333333	56.7207	3600.0	47.37	power	0.2	6	10
10	2	190.296810865	5	3	4	2.06666666667	56.7207	3600.0	46.08	power	0.2	6	10
1	2	243.05330801	6	3	4	1.93333333333	56.7207	3600.0	47.13	power	0.2	6	11
2	2	634.846804857	5	3	5	2.33333333333	56.7207	3600.0	47.6	power	0.2	6	11
3	2	462.249454021	5	3	4	2.06666666667	56.7207	3600.0	47.7	power	0.2	6	11
4	2	205.416908026	5	2	4	2.13333333333	56.7207	3600.0	48.5	power	0.2	6	11
5	2	329.768532991	5	3	4	2.13333333333	56.7207	3600.0	45.93	power	0.2	6	11
6	2	314.778192043	5	3	4	2.06666666667	56.7207	3600.0	47.63	power	0.2	6	11
7	2	456.153518915	5	3	4	2.06666666667	56.7207	3600.0	47.58	power	0.2	6	11
8	2	257.289030075	5	3	4	2.13333333333	56.7207	3600.0	47.32	power	0.2	6	11
9	2	354.262077093	5	2	4	2.06666666667	56.7207	3600.0	49.32	power	0.2	6	11
10	2	254.034143925	5	3	4	2.13333333333	56.7207	3600.0	47.5	power	0.2	6	11
1	1	225.785936832	5	3	5	2.33333333333	56.7207	3600.0	47.69	power	0.2	6	7
2	1	314.481278896	5	2	4	2.06666666667	56.7207	3600.0	49.3	power	0.2	6	7
3	1	328.469074011	6	3	4	1.93333333333	56.7207	3600.0	47.13	power	0.2	6	7
4	1	239.252879858	5	3	4	2.06666666667	56.7207	3600.0	47.05	power	0.2	6	7
5	1	254.577986002	5	4	4	2.06666666667	56.7207	3600.0	47.34	power	0.2	6	7
6	1	489.763814926	5	4	4	2.13333333333	56.7207	3600.0	46.13	power	0.2	6	7
7	1	198.6772089	5	4	5	2.33333333333	56.7207	3600.0	46.56	power	0.2	6	7
8	1	235.470055103	6	2	4	1.93333333333	56.7207	3600.0	49.14	power	0.2	6	7
9	1	459.701524973	5	2	4	2.06666666667	56.7207	3600.0	49.35	power	0.2	6	7
10	1	235.480036974	6	3	4	1.93333333333	56.7207	3600.0	47.2	power	0.2	6	7
1	1	236.791805983	5	3	4	2.13333333333	56.7207	3600.0	45.92	power	0.2	6	8
2	1	215.263273001	5	4	5	2.33333333333	56.7207	3600.0	43.8	power	0.2	6	8
3	1	279.131098986	5	4	5	2.33333333333	56.7207	3600.0	44.97	power	0.2	6	8
4	1	520.143147945	5	3	3	1.93333333333	56.7207	3600.0	47.81	power	0.2	6	8
5	1	479.500452995	5	3	4	2.13333333333	56.7207	3600.0	47.07	power	0.2	6	8
6	1	169.573651075	5	3	5	2.33333333333	56.7207	3600.0	46.12	power	0.2	6	8
7	1	455.139103889	5	4	4	2.13333333333	56.7207	3600.0	47.44	power	0.2	6	8
8	1	257.15860796	5	3	5	2.33333333333	56.7207	3600.0	46.71	power	0.2	6	8
9	1	609.758015871	5	2	4	2.13333333333	41.9991	3200.0	44.57	power	0.2	6	8
10	1	521.333509922	5	3	4	2.06666666667	56.7207	3600.0	49.55	power	0.2	6	8
1	1	373.744741917	5	3	5	2.33333333333	56.7207	3600.0	47.2	power	0.2	6	9
2	1	301.789535999	6	3	4	1.93333333333	56.7207	3600.0	47.44	power	0.2	6	9
3	1	416.564017057	5	3	5	2.33333333333	56.7207	3600.0	46.32	power	0.2	6	9
4	1	251.211708069	5	3	4	2.13333333333	56.7207	3600.0	46.84	power	0.2	6	9
5	1	594.546128988	5	3	3	1.93333333333	56.7207	3600.0	47.81	power	0.2	6	9
6	1	296.181627035	6	4	4	1.86666666667	56.7207	3600.0	45.17	power	0.2	6	9
7	1	337.018373966	5	3	4	2.06666666667	56.7207	3600.0	47.18	power	0.2	6	9
8	1	306.151315928	6	4	4	1.86666666667	56.7207	3600.0	45.17	power	0.2	6	9
9	1	643.284618855	5	3	5	2.33333333333	56.7207	3600.0	45.69	power	0.2	6	9
10	1	276.717385054	5	2	3	1.93333333333	56.7207	3600.0	49.71	power	0.2	6	9
1	1	664.037312984	5	3	4	2.13333333333	56.7207	3600.0	46.29	power	0.2	6	10
2	1	597.339863062	6	3	3	1.8	56.7207	3600.0	47.71	power	0.2	6	10
3	1	285.50515604	5	3	5	2.33333333333	56.7207	3600.0	43.69	power	0.2	6	10
4	1	510.762897015	5	3	4	2.06666666667	56.7207	3600.0	48.07	power	0.2	6	10
5	1	466.259845018	7	3	3	1.66666666667	56.7207	3600.0	49.76	power	0.2	6	10
6	1	528.984233856	5	3	4	2.13333333333	56.7207	3600.0	48.35	power	0.2	6	10
7	1	401.823764086	5	3	4	2.13333333333	56.7207	3600.0	49.58	power	0.2	6	10
8	1	446.911653996	5	3	4	2.13333333333	56.7207	3600.0	46.55	power	0.2	6	10
9	1	531.158037901	5	3	3	1.93333333333	56.7207	3600.0	47.85	power	0.2	6	10
10	1	311.090331793	5	4	5	2.33333333333	56.7207	3600.0	45.65	power	0.2	6	10
1	1	614.48882103	7	3	3	1.66666666667	56.7207	3600.0	47.75	power	0.2	6	11
2	1	284.338377953	5	3	5	2.33333333333	56.7207	3600.0	48.74	power	0.2	6	11
3	1	566.675952196	6	3	4	1.93333333333	56.7207	3600.0	49.65	power	0.2	6	11
4	1	497.033033848	6	3	3	1.8	56.7207	3600.0	48.81	power	0.2	6	11
5	1	503.116065979	5	3	4	2.06666666667	56.7207	3600.0	49.55	power	0.2	6	11
6	1	342.340023041	6	4	4	1.86666666667	56.7207	3600.0	47.1	power	0.2	6	11
7	1	415.314500093	6	2	3	1.8	56.7207	3600.0	49.42	power	0.2	6	11
8	1	530.141997099	6	2	4	1.93333333333	56.7207	3600.0	48.43	power	0.2	6	11
9	1	501.78470397	5	3	4	2.13333333333	56.7207	3600.0	46.32	power	0.2	6	11
10	1	291.735270023	6	3	4	1.86666666667	56.7207	3600.0	46.91	power	0.2	6	11
1	cradle	173.723351002	6	2	4	1.86666666667	56.7207	3600.0	48.94	power	0.2	6	23
2	cradle	215.96322298	5	3	5	2.33333333333	56.7207	3600.0	44.0	power	0.2	6	23
3	cradle	195.112330914	5	2	4	2.13333333333	56.7207	3600.0	48.52	power	0.2	6	23
4	cradle	228.150535107	5	3	5	2.33333333333	56.7207	3600.0	45.43	power	0.2	6	23
5	cradle	169.007812023	5	3	5	2.33333333333	56.7207	3600.0	46.52	power	0.2	6	23
6	cradle	218.808944941	5	4	4	2.13333333333	56.7207	3600.0	47.72	power	0.2	6	23
7	cradle	241.988780022	7	3	3	1.66666666667	56.7207	3600.0	47.67	power	0.2	6	23
8	cradle	178.925143957	5	3	5	2.33333333333	56.7207	3600.0	43.88	power	0.2	6	23
9	cradle	199.142096996	5	3	5	2.33333333333	56.7207	3600.0	47.03	power	0.2	6	23
10	cradle	282.285412073	5	3	5	2.33333333333	56.7207	3600.0	45.21	power	0.2	6	23
1	cradle	245.328297853	5	4	4	2.13333333333	56.7207	3600.0	48.26	power	0.2	6	24
2	cradle	240.240952015	5	2	4	2.13333333333	56.7207	3600.0	47.36	power	0.2	6	24
3	cradle	263.814878941	5	2	4	2.13333333333	56.7207	3600.0	47.39	power	0.2	6	24
4	cradle	225.297607183	5	4	4	2.13333333333	56.7207	3600.0	47.72	power	0.2	6	24
5	cradle	188.38450098	5	3	5	2.33333333333	56.7207	3600.0	43.84	power	0.2	6	24
6	cradle	208.004206896	5	3	5	2.33333333333	56.7207	3600.0	49.37	power	0.2	6	24
7	cradle	297.761209965	5	2	5	2.33333333333	56.7207	3600.0	48.67	power	0.2	6	24
8	cradle	231.192369938	7	3	3	1.66666666667	56.7207	3600.0	47.67	power	0.2	6	24
9	cradle	258.141624212	5	3	5	2.33333333333	56.7207	3600.0	43.66	power	0.2	6	24
10	cradle	225.885353088	5	2	4	2.13333333333	56.7207	3600.0	47.36	power	0.2	6	24
1	cradle	274.349596024	5	3	5	2.33333333333	56.7207	3600.0	47.39	power	0.2	6	25
2	cradle	274.792066813	5	4	4	2.13333333333	56.7207	3600.0	47.72	power	0.2	6	25
3	cradle	283.148590088	5	2	4	2.13333333333	56.7207	3600.0	48.31	power	0.2	6	25
4	cradle	209.559069872	5	3	5	2.33333333333	56.7207	3600.0	44.97	power	0.2	6	25
5	cradle	233.948073149	5	3	5	2.33333333333	56.7207	3600.0	44.02	power	0.2	6	25
6	cradle	204.356927872	5	3	5	2.33333333333	56.7207	3600.0	46.49	power	0.2	6	25
7	cradle	249.406402111	5	2	5	2.33333333333	56.7207	3600.0	44.4	power	0.2	6	25
8	cradle	222.329012156	5	3	5	2.33333333333	56.7207	3600.0	43.76	power	0.2	6	25
9	cradle	272.110801935	5	3	5	2.33333333333	56.7207	3600.0	47.53	power	0.2	6	25
10	cradle	253.103997946	5	3	5	2.33333333333	56.7207	3600.0	45.37	power	0.2	6	25
1	cradle	278.067487001	7	3	3	1.66666666667	56.7207	3600.0	47.67	power	0.2	6	26
2	cradle	329.896843195	5	3	5	2.33333333333	56.7207	3600.0	47.24	power	0.2	6	26
3	cradle	253.23021698	5	2	5	2.33333333333	56.7207	3600.0	46.55	power	0.2	6	26
4	cradle	278.811335087	7	3	3	1.66666666667	56.7207	3600.0	49.82	power	0.2	6	26
5	cradle	260.203711033	5	3	5	2.33333333333	56.7207	3600.0	44.02	power	0.2	6	26
6	cradle	290.542187929	5	3	5	2.33333333333	56.7207	3600.0	47.53	power	0.2	6	26
7	cradle	289.38221693	7	2	3	1.66666666667	56.7207	3600.0	46.07	power	0.2	6	26
8	cradle	300.065391064	5	3	5	2.33333333333	56.7207	3600.0	46.7	power	0.2	6	26
9	cradle	297.295148134	5	4	4	2.13333333333	56.7207	3600.0	44.56	power	0.2	6	26
10	cradle	220.034769058	5	2	5	2.33333333333	56.7207	3600.0	44.48	power	0.2	6	26
1	cradle	254.926337004	5	2	4	2.13333333333	56.7207	3600.0	48.3	power	0.2	6	27
2	cradle	305.375545979	5	2	5	2.33333333333	56.7207	3600.0	44.73	power	0.2	6	27
3	cradle	226.848583937	5	2	4	2.13333333333	56.7207	3600.0	48.06	power	0.2	6	27
4	cradle	300.250378132	5	3	5	2.33333333333	56.7207	3600.0	45.12	power	0.2	6	27
5	cradle	270.25949502	5	3	5	2.33333333333	56.7207	3600.0	47.44	power	0.2	6	27
6	cradle	332.146257162	5	3	5	2.33333333333	56.7207	3600.0	46.52	power	0.2	6	27
7	cradle	253.473591805	5	3	5	2.33333333333	56.7207	3600.0	46.69	power	0.2	6	27
8	cradle	288.450431108	5	2	5	2.33333333333	56.7207	3600.0	46.71	power	0.2	6	27
9	cradle	298.667060852	7	3	3	1.66666666667	56.7207	3600.0	47.67	power	0.2	6	27
10	cradle	292.470859051	5	3	5	2.33333333333	56.7207	3600.0	43.76	power	0.2	6	27
