chips_added_at_a_time	execution_time	edges	levels	diameter	ASPL	power	frequency	tempurature	picked_by	overlap	numchips	candidates
3	1148.58519721	9.1	3.7	5.4	2.55555555555	56.7207	3600.0	48.956	power	0.1	9	21
3	1160.33383621	8.9	3.45	5.45	2.56111111111	56.7207	3600.0	49.178	power	0.1	9	22
3	1180.13113252	8.9	3.46666666667	5.5	2.56481481481	55.73926	3573.33333333	48.7983333333	power	0.1	9	23
3	1192.69726331	8.925	3.475	5.625	2.58333333333	55.98462	3580.0	48.7915	power	0.1	9	24
3	1217.33084208	8.9	3.46	5.62	2.59111111111	56.131836	3584.0	48.896	power	0.1	9	25
base3
layout_size = 9
candidates 25

2	1129.31235249	9.0	3.1	5.9	2.63888888889	52.30422	3480.0	47.813	power	0.1	9	15
2	1124.85928379	9.05	3.15	5.7	2.61666666667	53.0403	3500.0	48.0275	power	0.1	9	16
2	1116.87791394	8.96666666667	3.16666666667	5.63333333333	2.61111111111	53.77638	3520.0	48.3513333333	power	0.1	9	17
2	1101.53496615	8.925	3.35	5.625	2.60555555556	54.51246	3540.0	48.3315	power	0.1	9	18
2	1109.43839838	8.94	3.32	5.64	2.60444444444	54.659676	3544.0	48.4004	power	0.1	9	19
base3
layout_size = 9
candidates 19

1	1186.23295295	9.4	3.4	5.5	2.48888888889	56.7207	3600.0	49.087	power	0.1	9	10
1	1194.13439016	9.3	3.4	5.45	2.49444444445	56.7207	3600.0	49.2455	power	0.1	9	11
1	1265.14876876	9.1	3.36666666667	5.53333333333	2.5537037037	56.7207	3600.0	49.1026666667	power	0.1	9	12
1	1274.6965173	9.125	3.375	5.55	2.55277777778	56.35266	3590.0	48.95025	power	0.1	9	13
1	1350.97080068	9.16	3.38	5.54	2.54111111111	55.542972	3568.0	48.6988	power	0.1	9	14
base3
layout_size = 9
candidates 14

cradle	832.950573002	9.0	3.0	6.0	2.68253968254	56.7207	3600.0	48.9871428571	power	0.1	9	23
