chips_added_at_a_time	execution_time	edges	levels	diameter	ASPL	power	frequency	tempurature
9	0.0112380981445	12	4	5	2.77272727273	56.7207	3600.0	58.2
6	0.0103361606598	11	4	6	3.09090909091	56.7207	3600.0	56.28
3	0.0154781341553	13	3	6	2.78787878788	56.7207	3600.0	59.15
1	0.0102560520172	16	3	4	2.30303030303	56.7207	3600.0	64.19
base3
layout_size = 12
candidates 15

9	0.0011670589447	8	3	5	2.55555555556	56.7207	3600.0	51.46
6	0.00137400627136	9	2	4	2.22222222222	56.7207	3600.0	55.9
3	0.0012309551239	9	3	4	2.16666666667	56.7207	3600.0	53.4
1	0.0110681056976	10	3	4	2.11111111111	56.7207	3600.0	55.94
base3
layout_size = 9
candidates 15

9	159.617546082	12	4	6	3.0303030303	56.7207	3600.0	58.93
6	370.369503975	13	3	4	2.51515151515	56.7207	3600.0	61.27
3	650.191161156	12	5	5	2.74242424242	56.7207	3600.0	56.04
1	1122.7281909	16	3	4	2.30303030303	56.7207	3600.0	62.55
base3
layout_size = 12
candidates 15

6	150.279216051	9	3	5	2.33333333333	56.7207	3600.0	54.59
3	294.863133907	9	3	4	2.27777777778	56.7207	3600.0	53.87
1	584.151726961	11	3	4	2.05555555556	56.7207	3600.0	53.92
base3
layout_size = 9
candidates 15

