trial	chips_added_at_a_time	execution_time	edges	levels	diameter	ASPL	power	frequency	tempurature	picked_by	overlap
1	3	186.167261124	5	2	3	1.86666666667	41.9991	3200.0	43.71	power	0.1
2	3	190.830467939	5	2	3	1.86666666667	41.9991	3200.0	43.57	power	0.1
3	3	144.379432917	5	2	3	1.86666666667	41.9991	3200.0	43.57	power	0.1
4	3	183.149836063	5	2	3	1.86666666667	41.9991	3200.0	44.47	power	0.1
5	3	141.126681089	5	3	3	1.86666666667	56.7207	3600.0	46.14	power	0.1
6	3	101.885439873	5	2	4	2.06666666667	56.7207	3600.0	46.53	power	0.1
7	3	136.35532403	6	2	3	1.73333333333	41.9991	3200.0	43.7	power	0.1
8	3	100.191072226	5	2	4	2.13333333333	56.7207	3600.0	48.11	power	0.1
9	3	121.573841095	5	4	4	2.06666666667	56.7207	3600.0	45.3	power	0.1
10	3	100.295005083	5	3	5	2.33333333333	56.7207	3600.0	45.15	power	0.1
1	2	192.571146011	5	3	3	1.93333333333	56.7207	3600.0	47.45	power	0.1
2	2	218.272264957	6	3	4	1.93333333333	56.7207	3600.0	44.92	power	0.1
3	2	211.604569912	5	3	5	2.33333333333	56.7207	3600.0	44.97	power	0.1
4	2	200.662590981	5	3	4	2.06666666667	56.7207	3600.0	47.9	power	0.1
5	2	223.294250011	5	3	3	1.86666666667	56.7207	3600.0	45.37	power	0.1
6	2	171.577965975	5	2	4	2.06666666667	56.7207	3600.0	46.35	power	0.1
7	2	230.101129055	5	3	4	2.13333333333	56.7207	3600.0	46.67	power	0.1
8	2	241.451580048	6	3	3	1.8	56.7207	3600.0	47.67	power	0.1
9	2	261.061966896	6	2	4	1.93333333333	41.9991	3200.0	43.76	power	0.1
10	2	259.183495045	6	3	3	1.8	56.7207	3600.0	46.6	power	0.1
1	1	263.813883066	5	2	4	2.13333333333	56.7207	3600.0	46.75	power	0.1
2	1	340.191743851	6	3	4	1.93333333333	56.7207	3600.0	45.25	power	0.1
3	1	307.889513016	5	3	5	2.33333333333	56.7207	3600.0	43.93	power	0.1
4	1	327.316052914	5	3	4	2.06666666667	56.7207	3600.0	46.0	power	0.1
5	1	393.786736012	5	4	4	2.06666666667	56.7207	3600.0	44.96	power	0.1
6	1	318.99493289	6	3	3	1.8	56.7207	3600.0	45.88	power	0.1
7	1	299.102339029	6	3	3	1.8	56.7207	3600.0	45.88	power	0.1
8	1	315.539491177	5	3	4	2.13333333333	56.7207	3600.0	44.76	power	0.1
9	1	201.050294161	5	2	3	1.93333333333	56.7207	3600.0	48.0	power	0.1
10	1	254.996327877	5	3	4	2.06666666667	56.7207	3600.0	47.99	power	0.1
1	cradle	95.5134301186	6	2	4	1.86666666667	56.7207	3600.0	49.28	power	0.1
2	cradle	182.367153883	5	2	4	2.13333333333	41.9991	3200.0	43.59	power	0.1
3	cradle	141.396155119	5	2	4	2.13333333333	41.9991	3200.0	43.59	power	0.1
4	cradle	103.137822866	5	4	4	2.13333333333	56.7207	3600.0	44.51	power	0.1
5	cradle	159.797223806	5	2	4	2.13333333333	41.9991	3200.0	43.59	power	0.1
6	cradle	99.4124369621	5	3	5	2.33333333333	56.7207	3600.0	43.49	power	0.1
7	cradle	177.621381998	5	2	4	2.13333333333	41.9991	3200.0	43.59	power	0.1
8	cradle	184.236160994	5	2	4	2.13333333333	41.9991	3200.0	43.59	power	0.1
9	cradle	98.8412780762	7	3	3	1.66666666667	56.7207	3600.0	45.59	power	0.1
10	cradle	178.784132004	5	2	4	2.13333333333	41.9991	3200.0	43.59	power	0.1
1	3	777.653730869	8	2	6	2.88888888889	41.9991	3200.0	48.2	power	0.1
2	3	772.943720102	9	3	5	2.5	41.9991	3200.0	47.67	power	0.1
3	3	446.149829865	9	5	6	2.66666666667	56.7207	3600.0	46.69	power	0.1
4	3	713.026262999	9	3	5	2.55555555556	41.9991	3200.0	44.99	power	0.1
5	3	1023.30565619	9	4	4	2.22222222222	41.9991	3200.0	46.28	power	0.1
6	3	750.775099993	10	4	5	2.22222222222	41.9991	3200.0	46.5	power	0.1
7	3	469.993749142	8	2	5	2.55555555556	41.9991	3200.0	45.41	power	0.1
8	3	838.05447793	10	3	5	2.27777777778	41.9991	3200.0	45.1	power	0.1
9	3	547.307783127	8	3	6	2.77777777778	41.9991	3200.0	44.4	power	0.1
10	3	952.274930954	10	3	5	2.22222222222	41.9991	3200.0	45.48	power	0.1
1	2	979.409821033	10	3	4	2.16666666667	41.9991	3200.0	44.57	power	0.1
2	2	849.380404949	8	3	6	2.83333333333	41.9991	3200.0	43.66	power	0.1
3	2	1174.30668497	9	3	5	2.5	41.9991	3200.0	47.41	power	0.1
4	2	1251.85458589	9	3	5	2.33333333333	41.9991	3200.0	44.16	power	0.1
5	2	479.539061069	9	4	5	2.44444444444	56.7207	3600.0	47.55	power	0.1
6	2	788.605920076	10	4	4	2.16666666667	41.9991	3200.0	45.65	power	0.1
7	2	1322.33164692	9	4	5	2.33333333333	41.9991	3200.0	46.25	power	0.1
8	2	903.321179867	9	4	6	2.66666666667	41.9991	3200.0	43.86	power	0.1
9	2	978.027015924	8	2	6	2.66666666667	41.9991	3200.0	49.31	power	0.1
10	2	846.776422977	10	2	5	2.38888888889	41.9991	3200.0	46.45	power	0.1
1	1	1757.23371005	8	2	5	2.55555555556	37.8684	3000.0	47.52	power	0.1
2	1	2092.07641292	8	3	4	2.44444444444	41.9991	3200.0	49.11	power	0.1
3	1	896.398137808	9	3	5	2.44444444444	41.9991	3200.0	43.55	power	0.1
4	1	1310.37457108	9	2	5	2.33333333333	41.9991	3200.0	46.9	power	0.1
5	1	1927.78562903	8	3	5	2.55555555556	41.9991	3200.0	46.06	power	0.1
6	1	1281.69141197	11	2	4	2.11111111111	41.9991	3200.0	47.67	power	0.1
7	1	1615.9066999	10	3	5	2.38888888889	41.9991	3200.0	44.96	power	0.1
8	1	1355.89187908	8	3	6	2.72222222222	41.9991	3200.0	44.97	power	0.1
9	1	1799.73832297	9	3	5	2.44444444444	41.9991	3200.0	47.2	power	0.1
10	1	3253.31296492	8	5	5	2.55555555556	41.9991	3200.0	45.15	power	0.1
1	cradle	272.601471186	8	3	8	3.33333333333	56.7207	3600.0	47.88	power	0.1
2	cradle	618.923611879	8	3	7	3.0	41.9991	3200.0	45.67	power	0.1
3	cradle	683.845975161	8	3	6	2.83333333333	41.9991	3200.0	43.42	power	0.1
4	cradle	640.854418039	8	2	6	2.66666666667	41.9991	3200.0	45.98	power	0.1
5	cradle	578.311544895	9	2	6	2.55555555556	41.9991	3200.0	46.35	power	0.1
6	cradle	429.182752132	10	3	5	2.38888888889	41.9991	3200.0	44.55	power	0.1
7	cradle	613.7321558	8	3	6	2.83333333333	41.9991	3200.0	45.1	power	0.1
8	cradle	480.74692893	9	2	6	2.72222222222	41.9991	3200.0	43.68	power	0.1
9	cradle	480.707326889	10	3	5	2.38888888889	41.9991	3200.0	47.99	power	0.1
10	cradle	14137.1925991	0	0	0	0	0	0	0	power	0.1
1	3	191.060811996	5	2	4	2.06666666667	41.9991	3200.0	43.48	power	0.2
2	3	295.909803152	6	3	4	1.93333333333	41.9991	3200.0	43.89	power	0.2
3	3	336.262865067	5	2	4	2.13333333333	41.9991	3200.0	44.01	power	0.2
4	3	277.53293395	5	2	3	1.93333333333	41.9991	3200.0	43.49	power	0.2
5	3	287.304517031	6	2	3	1.8	41.9991	3200.0	43.81	power	0.2
6	3	363.835927963	5	2	3	1.86666666667	41.9991	3200.0	45.46	power	0.2
7	3	344.343330145	6	3	3	1.73333333333	41.9991	3200.0	44.11	power	0.2
8	3	384.100568056	5	2	4	2.13333333333	41.9991	3200.0	43.63	power	0.2
9	3	312.186849833	5	3	3	1.86666666667	41.9991	3200.0	43.77	power	0.2
10	3	368.414086103	5	2	4	2.13333333333	41.9991	3200.0	45.08	power	0.2
1	2	576.088752031	6	2	3	1.73333333333	41.9991	3200.0	46.35	power	0.2
2	2	611.359669924	6	2	4	1.93333333333	41.9991	3200.0	45.58	power	0.2
3	2	492.709321976	5	2	3	1.86666666667	41.9991	3200.0	47.02	power	0.2
4	2	602.941675901	6	2	4	1.93333333333	41.9991	3200.0	45.99	power	0.2
5	2	644.082358837	5	2	3	1.86666666667	41.9991	3200.0	47.02	power	0.2
6	2	460.666388988	5	3	4	2.13333333333	41.9991	3200.0	44.17	power	0.2
7	2	516.462644815	5	2	4	2.06666666667	41.9991	3200.0	46.24	power	0.2
8	2	576.032189846	5	3	4	2.06666666667	41.9991	3200.0	45.76	power	0.2
9	2	628.731016159	6	2	4	1.86666666667	41.9991	3200.0	45.26	power	0.2
10	2	497.554337025	5	2	3	1.86666666667	41.9991	3200.0	46.31	power	0.2
1	1	370.770396948	6	2	3	1.73333333333	41.9991	3200.0	43.44	power	0.2
2	1	343.794464827	5	2	4	2.13333333333	41.9991	3200.0	43.34	power	0.2
3	1	696.137696028	6	3	4	1.93333333333	41.9991	3200.0	43.88	power	0.2
4	1	323.073010921	5	2	4	2.06666666667	41.9991	3200.0	43.44	power	0.2
5	1	659.484881163	5	3	4	2.13333333333	41.9991	3200.0	44.15	power	0.2
6	1	643.234329939	6	2	3	1.73333333333	41.9991	3200.0	45.91	power	0.2
7	1	695.847301006	5	2	3	1.86666666667	41.9991	3200.0	47.02	power	0.2
8	1	604.696842909	5	2	4	2.06666666667	41.9991	3200.0	45.93	power	0.2
9	1	931.882107973	5	3	5	2.33333333333	41.9991	3200.0	43.66	power	0.2
10	1	508.015022993	5	3	4	2.13333333333	41.9991	3200.0	43.38	power	0.2
1	cradle	135.206819057	5	2	4	2.13333333333	41.9991	3200.0	46.11	power	0.2
2	cradle	143.83646822	5	2	4	2.13333333333	41.9991	3200.0	46.11	power	0.2
3	cradle	182.966923952	5	2	4	2.13333333333	41.9991	3200.0	46.11	power	0.2
4	cradle	139.798629999	6	2	4	1.86666666667	41.9991	3200.0	43.75	power	0.2
5	cradle	186.655287981	6	2	4	1.86666666667	41.9991	3200.0	43.63	power	0.2
6	cradle	149.316544056	5	2	4	2.13333333333	41.9991	3200.0	46.11	power	0.2
7	cradle	179.856379986	5	2	4	2.13333333333	41.9991	3200.0	46.11	power	0.2
8	cradle	163.345392942	6	2	4	1.86666666667	41.9991	3200.0	45.25	power	0.2
9	cradle	138.201665878	6	2	4	1.86666666667	41.9991	3200.0	45.26	power	0.2
10	cradle	190.25511384	6	2	4	1.86666666667	41.9991	3200.0	43.63	power	0.2
1	3	903.348527908	9	3	5	2.38888888889	37.8684	3000.0	47.99	power	0.2
2	3	1336.80161691	8	3	6	2.72222222222	37.8684	3000.0	47.35	power	0.2
3	3	1271.40332699	8	3	5	2.61111111111	37.8684	3000.0	48.23	power	0.2
4	3	1156.67728591	9	3	5	2.33333333333	37.8684	3000.0	48.0	power	0.2
5	3	1317.54063392	8	3	5	2.55555555556	37.8684	3000.0	48.44	power	0.2
6	3	1064.38382697	10	3	4	2.22222222222	33.0215	2800.0	46.82	power	0.2
7	3	1077.44742107	9	3	4	2.27777777778	37.8684	3000.0	48.96	power	0.2
8	3	1059.38780689	10	3	4	2.11111111111	37.8684	3000.0	47.64	power	0.2
9	3	1139.67807508	9	4	5	2.33333333333	41.9991	3200.0	48.75	power	0.2
10	3	1229.84261894	8	3	7	3.05555555556	37.8684	3000.0	47.36	power	0.2
1	2	1093.85879302	8	2	5	2.55555555556	33.0215	2800.0	47.64	power	0.2
2	2	1080.88042879	8	2	6	2.83333333333	41.9991	3200.0	48.91	power	0.2
3	2	1262.54893899	9	3	5	2.33333333333	37.8684	3000.0	47.81	power	0.2
4	2	1424.87730908	9	3	5	2.33333333333	33.0215	2800.0	46.76	power	0.2
5	2	1538.87129211	9	3	4	2.33333333333	41.9991	3200.0	46.65	power	0.2
6	2	1207.8227551	10	2	5	2.33333333333	41.9991	3200.0	49.5	power	0.2
7	2	1288.12479401	10	3	5	2.33333333333	37.8684	3000.0	47.94	power	0.2
8	2	1536.71139812	9	3	4	2.27777777778	41.9991	3200.0	47.54	power	0.2
9	2	1859.0670259	8	4	5	2.55555555556	37.8684	3000.0	48.44	power	0.2
10	2	1539.4890511	8	3	5	2.55555555556	41.9991	3200.0	49.28	power	0.2
1	1	2096.99051809	9	3	5	2.5	41.9991	3200.0	44.53	power	0.2
2	1	1918.21602702	10	2	5	2.27777777778	33.0215	2800.0	46.77	power	0.2
3	1	1975.29909992	8	2	5	2.55555555556	33.0215	2800.0	46.79	power	0.2
4	1	2747.0601058	8	4	5	2.55555555556	37.8684	3000.0	48.37	power	0.2
5	1	1903.8172009	9	3	4	2.22222222222	41.9991	3200.0	47.63	power	0.2
6	1	2937.64706111	9	3	5	2.5	37.8684	3000.0	47.58	power	0.2
7	1	1835.03998685	8	3	7	3.0	41.9991	3200.0	47.93	power	0.2
8	1	2098.545187	10	3	5	2.27777777778	41.9991	3200.0	46.58	power	0.2
9	1	3340.9989202	8	3	6	2.72222222222	41.9991	3200.0	46.08	power	0.2
10	1	2917.01460099	9	3	5	2.33333333333	37.8684	3000.0	47.9	power	0.2
1	cradle	907.249284029	10	3	5	2.38888888889	37.8684	3000.0	47.93	power	0.2
2	cradle	813.501748085	11	3	5	2.16666666667	37.8684	3000.0	47.53	power	0.2
3	cradle	904.705387115	8	3	7	3.0	37.8684	3000.0	47.29	power	0.2
4	cradle	928.054934978	10	2	4	2.22222222222	37.8684	3000.0	48.73	power	0.2
5	cradle	882.378851891	10	3	5	2.38888888889	37.8684	3000.0	47.93	power	0.2
6	cradle	787.54935813	10	2	4	2.22222222222	37.8684	3000.0	48.73	power	0.2
7	cradle	945.532266855	9	2	6	2.55555555556	37.8684	3000.0	49.19	power	0.2
8	cradle	728.152700901	11	3	5	2.16666666667	37.8684	3000.0	47.52	power	0.2
9	cradle	898.622457027	10	3	5	2.38888888889	37.8684	3000.0	47.93	power	0.2
10	cradle	697.558567047	10	2	4	2.22222222222	37.8684	3000.0	47.6	power	0.2
1	3	124.710576057	5	3	4	2.06666666667	56.7207	3600.0	44.55	temp	0.1
2	3	187.921461105	6	2	3	1.73333333333	41.9991	3200.0	43.7	temp	0.1
3	3	126.298242092	5	4	4	2.13333333333	56.7207	3600.0	44.03	temp	0.1
4	3	188.173599958	5	4	5	2.33333333333	56.7207	3600.0	43.53	temp	0.1
5	3	143.787081957	5	2	3	1.86666666667	41.9991	3200.0	43.71	temp	0.1
6	3	124.87688899	5	3	5	2.33333333333	56.7207	3600.0	42.53	temp	0.1
7	3	117.861767054	5	4	4	2.13333333333	56.7207	3600.0	42.52	temp	0.1
8	3	120.734710932	5	4	4	2.13333333333	56.7207	3600.0	42.76	temp	0.1
9	3	102.437959909	5	2	5	2.33333333333	56.7207	3600.0	44.42	temp	0.1
10	3	142.946475029	5	3	5	2.33333333333	56.7207	3600.0	42.53	temp	0.1
1	2	203.139703035	5	3	5	2.33333333333	56.7207	3600.0	43.33	temp	0.1
2	2	152.364145041	5	3	5	2.33333333333	56.7207	3600.0	42.83	temp	0.1
3	2	251.405786037	5	4	5	2.33333333333	56.7207	3600.0	42.42	temp	0.1
4	2	168.153316021	5	3	5	2.33333333333	56.7207	3600.0	43.4	temp	0.1
5	2	321.527175903	5	4	5	2.33333333333	56.7207	3600.0	43.81	temp	0.1
6	2	235.347807169	5	3	4	2.13333333333	56.7207	3600.0	44.28	temp	0.1
7	2	224.38625288	6	4	4	1.86666666667	56.7207	3600.0	42.92	temp	0.1
8	2	230.871880054	5	4	5	2.33333333333	56.7207	3600.0	43.26	temp	0.1
9	2	306.792327166	5	4	5	2.33333333333	56.7207	3600.0	43.38	temp	0.1
10	2	227.718400955	5	4	5	2.33333333333	56.7207	3600.0	43.34	temp	0.1
1	1	341.124359846	5	3	5	2.33333333333	56.7207	3600.0	42.28	temp	0.1
2	1	383.817834854	5	3	5	2.33333333333	56.7207	3600.0	42.35	temp	0.1
3	1	353.915805101	5	3	5	2.33333333333	56.7207	3600.0	43.2	temp	0.1
4	1	430.606343031	5	5	5	2.33333333333	56.7207	3600.0	41.25	temp	0.1
5	1	425.433525085	5	5	5	2.33333333333	56.7207	3600.0	41.11	temp	0.1
6	1	352.94005394	5	4	5	2.33333333333	56.7207	3600.0	43.54	temp	0.1
7	1	376.075668812	5	4	5	2.33333333333	56.7207	3600.0	41.38	temp	0.1
8	1	324.314306974	5	3	5	2.33333333333	56.7207	3600.0	41.89	temp	0.1
9	1	364.089999914	5	4	5	2.33333333333	56.7207	3600.0	42.41	temp	0.1
10	1	401.698293924	5	5	5	2.33333333333	56.7207	3600.0	41.22	temp	0.1
1	cradle	96.7032780647	5	2	5	2.33333333333	56.7207	3600.0	41.88	temp	0.1
2	cradle	93.7026031017	5	2	5	2.33333333333	56.7207	3600.0	41.88	temp	0.1
3	cradle	102.721076965	5	3	5	2.33333333333	56.7207	3600.0	42.48	temp	0.1
4	cradle	97.9192280769	5	2	5	2.33333333333	56.7207	3600.0	41.88	temp	0.1
5	cradle	100.144432068	5	2	5	2.33333333333	56.7207	3600.0	41.56	temp	0.1
6	cradle	160.611768961	5	2	5	2.33333333333	56.7207	3600.0	41.75	temp	0.1
7	cradle	118.907433987	5	2	5	2.33333333333	56.7207	3600.0	42.18	temp	0.1
8	cradle	163.837533951	5	2	5	2.33333333333	56.7207	3600.0	41.88	temp	0.1
9	cradle	77.9767589569	5	2	5	2.33333333333	56.7207	3600.0	41.56	temp	0.1
10	cradle	98.3164479733	5	3	5	2.33333333333	56.7207	3600.0	43.65	temp	0.1
1	3	390.901957989	8	5	6	2.88888888889	56.7207	3600.0	46.85	temp	0.1
2	3	689.415823936	8	4	6	2.83333333333	41.9991	3200.0	43.74	temp	0.1
3	3	664.578365088	8	4	6	2.66666666667	41.9991	3200.0	43.54	temp	0.1
4	3	446.539770842	8	6	7	3.05555555556	56.7207	3600.0	45.19	temp	0.1
5	3	339.191048145	8	5	7	3.05555555556	56.7207	3600.0	42.46	temp	0.1
6	3	603.33626914	9	3	5	2.33333333333	41.9991	3200.0	43.55	temp	0.1
7	3	730.679681063	8	3	6	2.66666666667	41.9991	3200.0	44.07	temp	0.1
8	3	423.76889205	8	3	5	2.55555555556	41.9991	3200.0	43.74	temp	0.1
9	3	721.014771223	8	3	6	2.77777777778	41.9991	3200.0	43.49	temp	0.1
10	3	786.490340948	9	2	5	2.5	41.9991	3200.0	43.66	temp	0.1
1	2	586.522053003	8	5	8	3.33333333333	56.7207	3600.0	45.59	temp	0.1
2	2	551.729178905	8	6	6	2.88888888889	56.7207	3600.0	45.52	temp	0.1
3	2	597.155004978	8	5	8	3.33333333333	56.7207	3600.0	46.33	temp	0.1
4	2	460.948703051	8	4	8	3.33333333333	56.7207	3600.0	45.64	temp	0.1
5	2	672.282909155	8	6	6	2.88888888889	56.7207	3600.0	45.33	temp	0.1
6	2	462.162081003	8	5	7	3.05555555556	56.7207	3600.0	46.04	temp	0.1
7	2	445.090157986	8	4	7	3.05555555556	56.7207	3600.0	46.61	temp	0.1
8	2	334.287521124	8	3	6	2.83333333333	56.7207	3600.0	47.31	temp	0.1
9	2	669.419610977	9	6	6	2.66666666667	56.7207	3600.0	44.08	temp	0.1
10	2	361.877552986	8	4	7	3.0	56.7207	3600.0	45.44	temp	0.1
1	1	1028.86107397	8	5	8	3.33333333333	56.7207	3600.0	46.1	temp	0.1
2	1	705.197814941	8	5	8	3.33333333333	56.7207	3600.0	46.25	temp	0.1
3	1	1239.52007008	8	6	7	3.16666666667	56.7207	3600.0	43.73	temp	0.1
4	1	896.617949009	8	4	7	3.0	56.7207	3600.0	45.07	temp	0.1
