chips_added_at_a_time	execution_time	edges	levels	diameter	ASPL	power	frequency	tempurature	picked_by	overlap
3	140.595436144	5.1	2.4	3.5	1.96666666667	49.3599	3400.0	45.025	power	0.1
2	220.978095889	5.4	2.8	3.7	1.98666666667	55.24854	3560.0	46.166	power	0.1
1	302.268131399	5.3	2.9	3.8	2.02666666667	56.7207	3600.0	45.94	power	0.1
cradle	142.110717583	5.3	2.4	4.0	2.08	47.88774	3360.0	44.441	power	0.1
base3
layout_size = 6
candidates 14

3	729.148524117	9.0	3.2	5.2	2.48888888889	43.47126	3240.0	46.072	power	0.1
2	957.355274367	9.1	3.2	5.1	2.45	43.47126	3240.0	45.887	power	0.1
1	1729.04097397	8.8	2.9	4.9	2.45555555556	41.58603	3180.0	46.309	power	0.1
cradle	533.211798324	8.66666666667	2.66666666667	6.11111111111	2.74691358025	43.6348333333	3244.44444444	45.6244444444	power	0.1
base3
layout_size = 9
candidates 14

3	316.09516933	5.3	2.3	3.5	1.96	41.9991	3200.0	44.073	power	0.2
2	560.66283555	5.4	2.2	3.6	1.93333333333	41.9991	3200.0	45.97	power	0.2
1	577.693605471	5.3	2.4	3.8	2.01333333333	41.9991	3200.0	44.415	power	0.2
cradle	160.943922591	5.5	2.0	4.0	2.0	41.9991	3200.0	45.207	power	0.2
base3
layout_size = 6
candidates 14

3	1155.65111406	8.8	3.1	5.0	2.46111111111	37.79678	3000.0	47.954	power	0.2
2	1383.22517862	8.8	2.8	4.9	2.44444444444	38.96437	3060.0	48.047	power	0.2
1	2377.06287079	8.8	2.9	5.2	2.49444444445	38.96437	3060.0	47.016	power	0.2
cradle	849.330555606	9.9	2.6	5.0	2.37222222222	37.8684	3000.0	48.038	power	0.2
base3
layout_size = 9
candidates 14

3	137.974876308	5.1	3.1	4.2	2.14	53.77638	3520.0	43.428	temp	0.1
2	232.170679426	5.1	3.6	4.8	2.26666666666	56.7207	3600.0	43.297	temp	0.1
1	375.401619148	5.0	3.9	5.0	2.33333333333	56.7207	3600.0	42.063	temp	0.1
cradle	111.084056211	5.0	2.2	5.0	2.33333333333	56.7207	3600.0	42.07	temp	0.1
base3
layout_size = 6
candidates 14

3	579.591692042	8.2	3.8	5.9	2.73333333334	46.41558	3320.0	44.029	temp	0.1
2	514.147477317	8.1	4.8	6.9	3.03888888889	56.7207	3600.0	45.789	temp	0.1
