trial	chips_added_at_a_time	execution_time	edges	levels	diameter	ASPL	power	frequency	tempurature	picked_by	overlap	numchips	candidates
1	3	1113.09722304	10	3	6	2.44444444444	41.9991	3200.0	45.35	power	0.2	9	36
2	3	843.212868929	8	4	7	3.0	56.7207	3600.0	48.91	power	0.2	9	36
3	3	1095.03841805	10	4	5	2.27777777778	41.9991	3200.0	45.34	power	0.2	9	36
4	3	752.446434975	9	3	6	2.77777777778	56.7207	3600.0	49.13	power	0.2	9	36
5	3	841.140084982	8	5	7	3.05555555556	56.7207	3600.0	48.18	power	0.2	9	36
6	3	1021.53028488	9	5	7	2.83333333333	56.7207	3600.0	48.53	power	0.2	9	36
7	3	1166.10473418	8	6	6	2.83333333333	56.7207	3600.0	48.96	power	0.2	9	36
8	3	630.784700871	8	5	5	2.72222222222	56.7207	3600.0	49.24	power	0.2	9	36
9	3	876.626559019	9	5	5	2.5	56.7207	3600.0	48.81	power	0.2	9	36
10	3	898.220742941	9	4	6	2.66666666667	56.7207	3600.0	49.66	power	0.2	9	36
1	2	1416.18242598	8	4	6	2.83333333333	56.7207	3600.0	48.45	power	0.2	9	36
2	2	1304.67363191	9	3	5	2.5	41.9991	3200.0	46.98	power	0.2	9	36
3	2	1391.15322995	8	4	6	2.77777777778	41.9991	3200.0	44.21	power	0.2	9	36
4	2	1057.42382407	8	3	6	2.77777777778	56.7207	3600.0	49.73	power	0.2	9	36
5	2	1420.73369598	10	3	4	2.22222222222	41.9991	3200.0	47.12	power	0.2	9	36
6	2	958.985792875	8	3	8	3.33333333333	56.7207	3600.0	49.83	power	0.2	9	36
7	2	1246.11463404	10	3	4	2.22222222222	41.9991	3200.0	47.44	power	0.2	9	36
8	2	1269.13274312	9	4	6	2.77777777778	41.9991	3200.0	44.63	power	0.2	9	36
9	2	1255.35866284	11	4	4	2.05555555556	41.9991	3200.0	46.45	power	0.2	9	36
10	2	1331.183249	10	3	4	2.16666666667	41.9991	3200.0	46.56	power	0.2	9	36
1	1	2369.74293613	9	4	5	2.33333333333	41.9991	3200.0	45.72	power	0.2	9	36
2	1	2214.30869102	10	3	4	2.22222222222	41.9991	3200.0	47.64	power	0.2	9	36
3	1	2259.35270905	9	4	6	2.61111111111	56.7207	3600.0	49.17	power	0.2	9	36
4	1	2287.05766582	8	5	6	2.83333333333	56.7207	3600.0	48.43	power	0.2	9	36
5	1	1655.87150812	9	5	5	2.33333333333	56.7207	3600.0	49.03	power	0.2	9	36
6	1	4536.17427182	9	6	6	2.77777777778	41.9991	3200.0	45.13	power	0.2	9	36
7	1	1654.12494802	8	3	6	2.88888888889	56.7207	3600.0	49.95	power	0.2	9	36
8	1	2418.52931309	10	4	6	2.55555555556	41.9991	3200.0	44.37	power	0.2	9	36
9	1	2348.90953803	8	4	6	2.88888888889	41.9991	3200.0	45.03	power	0.2	9	36
10	1	2390.07959104	9	4	6	2.61111111111	41.9991	3200.0	45.59	power	0.2	9	36
1	cradle	650.501412153	8	3	7	3.16666666667	56.7207	3600.0	48.0	power	0.2	9	36
2	cradle	892.280785084	10	3	6	2.55555555556	56.7207	3600.0	49.6	power	0.2	9	36
3	cradle	544.88460207	8	5	5	2.66666666667	56.7207	3600.0	48.36	power	0.2	9	36
4	cradle	565.8847332	8	3	7	3.16666666667	56.7207	3600.0	46.6	power	0.2	9	36
5	cradle	566.627938032	8	3	7	3.16666666667	56.7207	3600.0	46.5	power	0.2	9	36
6	cradle	603.684412003	8	3	7	3.16666666667	56.7207	3600.0	46.67	power	0.2	9	36
7	cradle	684.324029207	8	3	8	3.33333333333	56.7207	3600.0	48.39	power	0.2	9	36
8	cradle	801.792387009	10	5	5	2.38888888889	56.7207	3600.0	49.21	power	0.2	9	36
9	cradle	505.871798992	8	3	7	3.0	56.7207	3600.0	47.97	power	0.2	9	36
10	cradle	460.232483864	8	3	8	3.33333333333	56.7207	3600.0	47.4	power	0.2	9	36
1	3	400.981326103	6	3	3	1.8	56.7207	3600.0	48.81	power	0.2	6	36
2	3	271.801460981	7	2	3	1.66666666667	56.7207	3600.0	49.57	power	0.2	6	36
3	3	302.084706068	5	3	4	2.06666666667	56.7207	3600.0	47.57	power	0.2	6	36
4	3	276.805099964	5	4	5	2.33333333333	56.7207	3600.0	48.64	power	0.2	6	36
5	3	294.751373053	5	3	5	2.33333333333	56.7207	3600.0	43.69	power	0.2	6	36
6	3	267.182994843	5	3	4	2.13333333333	56.7207	3600.0	46.32	power	0.2	6	36
7	3	301.940161943	5	3	3	1.93333333333	56.7207	3600.0	47.85	power	0.2	6	36
8	3	271.531085968	5	5	5	2.33333333333	56.7207	3600.0	42.77	power	0.2	6	36
9	3	273.310357809	5	3	5	2.33333333333	56.7207	3600.0	46.81	power	0.2	6	36
10	3	262.206035137	5	2	5	2.33333333333	56.7207	3600.0	45.0	power	0.2	6	36
1	2	547.287456036	6	3	3	1.8	56.7207	3600.0	47.8	power	0.2	6	36
2	2	236.563931942	5	3	5	2.33333333333	56.7207	3600.0	45.57	power	0.2	6	36
3	2	512.838345051	5	3	3	1.93333333333	56.7207	3600.0	49.88	power	0.2	6	36
4	2	422.409133196	5	3	4	2.06666666667	56.7207	3600.0	46.59	power	0.2	6	36
5	2	383.281153917	7	3	3	1.66666666667	56.7207	3600.0	49.82	power	0.2	6	36
6	2	288.199777126	5	4	4	2.06666666667	56.7207	3600.0	45.44	power	0.2	6	36
7	2	221.421860933	5	2	4	2.13333333333	56.7207	3600.0	47.88	power	0.2	6	36
8	2	399.947726011	7	3	3	1.66666666667	56.7207	3600.0	49.95	power	0.2	6	36
9	2	300.546196938	5	3	5	2.33333333333	56.7207	3600.0	46.15	power	0.2	6	36
10	2	475.102885962	5	3	5	2.33333333333	56.7207	3600.0	49.5	power	0.2	6	36
1	1	245.246832132	5	3	4	2.06666666667	56.7207	3600.0	47.58	power	0.2	6	36
2	1	547.232092857	5	4	4	2.13333333333	56.7207	3600.0	48.82	power	0.2	6	36
3	1	539.672199011	5	3	5	2.33333333333	56.7207	3600.0	45.23	power	0.2	6	36
4	1	287.312143087	5	3	5	2.33333333333	56.7207	3600.0	44.75	power	0.2	6	36
5	1	352.78324008	5	3	4	2.06666666667	56.7207	3600.0	47.98	power	0.2	6	36
6	1	326.439078808	5	4	5	2.33333333333	56.7207	3600.0	43.85	power	0.2	6	36
7	1	246.942724943	5	3	4	2.13333333333	56.7207	3600.0	47.52	power	0.2	6	36
8	1	288.738441944	5	4	4	2.06666666667	56.7207	3600.0	45.52	power	0.2	6	36
9	1	433.676736116	5	3	5	2.33333333333	56.7207	3600.0	48.59	power	0.2	6	36
10	1	456.81298089	5	3	4	2.06666666667	56.7207	3600.0	47.65	power	0.2	6	36
1	cradle	140.780069828	5	3	5	2.33333333333	56.7207	3600.0	46.7	power	0.2	6	36
2	cradle	125.618580103	5	3	5	2.33333333333	56.7207	3600.0	43.76	power	0.2	6	36
3	cradle	141.774980068	6	3	3	1.8	56.7207	3600.0	49.74	power	0.2	6	36
4	cradle	159.875649929	5	3	5	2.33333333333	56.7207	3600.0	46.7	power	0.2	6	36
5	cradle	124.687685013	5	2	4	2.13333333333	56.7207	3600.0	48.3	power	0.2	6	36
6	cradle	135.375530005	5	2	4	2.13333333333	56.7207	3600.0	48.52	power	0.2	6	36
7	cradle	139.962476015	6	2	4	1.86666666667	56.7207	3600.0	48.94	power	0.2	6	36
8	cradle	152.280254841	5	2	4	2.13333333333	56.7207	3600.0	49.41	power	0.2	6	36
9	cradle	154.154447079	5	3	5	2.33333333333	56.7207	3600.0	46.7	power	0.2	6	36
10	cradle	143.549608946	6	2	4	1.86666666667	56.7207	3600.0	48.94	power	0.2	6	36
1	3	795.186718941	8	5	6	3.0	56.7207	3600.0	47.37	power	0.1	9	36
2	3	617.798981905	9	4	5	2.5	56.7207	3600.0	49.08	power	0.1	9	36
3	3	609.412075996	9	4	7	2.88888888889	56.7207	3600.0	48.26	power	0.1	9	36
4	3	737.55043292	8	3	6	2.72222222222	56.7207	3600.0	49.0	power	0.1	9	36
5	3	513.740893841	9	4	5	2.5	56.7207	3600.0	48.73	power	0.1	9	36
6	3	709.681035995	11	3	5	2.22222222222	56.7207	3600.0	49.66	power	0.1	9	36
7	3	615.22084403	8	4	6	2.83333333333	56.7207	3600.0	48.27	power	0.1	9	36
8	3	602.817777872	8	4	7	3.05555555556	56.7207	3600.0	46.92	power	0.1	9	36
9	3	704.793783188	10	3	5	2.38888888889	56.7207	3600.0	49.16	power	0.1	9	36
10	3	622.751132011	9	4	6	2.66666666667	56.7207	3600.0	49.55	power	0.1	9	36
1	2	843.94136405	9	3	5	2.33333333333	56.7207	3600.0	49.93	power	0.1	9	36
2	2	643.547595978	10	3	5	2.33333333333	56.7207	3600.0	49.6	power	0.1	9	36
3	2	793.234333992	9	3	6	2.55555555556	56.7207	3600.0	49.19	power	0.1	9	36
4	2	809.445243835	9	4	5	2.33333333333	56.7207	3600.0	49.02	power	0.1	9	36
5	2	738.275840998	9	4	6	2.66666666667	56.7207	3600.0	49.82	power	0.1	9	36
6	2	896.998452902	9	4	5	2.33333333333	56.7207	3600.0	48.39	power	0.1	9	36
7	2	438.078303099	8	3	6	2.83333333333	56.7207	3600.0	47.44	power	0.1	9	36
8	2	940.280843973	9	4	6	2.55555555556	56.7207	3600.0	49.94	power	0.1	9	36
9	2	894.398082018	9	4	6	2.72222222222	56.7207	3600.0	48.47	power	0.1	9	36
10	2	691.115679026	11	4	5	2.22222222222	56.7207	3600.0	48.76	power	0.1	9	36
1	1	1402.74958515	8	5	7	3.16666666667	56.7207	3600.0	49.35	power	0.1	9	36
2	1	1069.10990691	11	3	4	2.11111111111	56.7207	3600.0	49.83	power	0.1	9	36
3	1	1876.96191382	9	4	6	2.61111111111	56.7207	3600.0	48.7	power	0.1	9	36
4	1	1449.41402698	8	5	6	2.88888888889	56.7207	3600.0	47.14	power	0.1	9	36
5	1	825.140403986	8	4	5	2.72222222222	56.7207	3600.0	49.79	power	0.1	9	36
6	1	747.998368979	9	4	6	2.66666666667	56.7207	3600.0	48.83	power	0.1	9	36
7	1	1442.37910581	8	5	6	2.88888888889	56.7207	3600.0	49.59	power	0.1	9	36
8	1	1407.201092	9	3	5	2.5	56.7207	3600.0	48.97	power	0.1	9	36
9	1	681.806875944	10	4	4	2.16666666667	56.7207	3600.0	49.01	power	0.1	9	36
10	1	1222.96230602	9	4	6	2.61111111111	56.7207	3600.0	48.18	power	0.1	9	36
1	cradle	423.741902113	8	3	7	3.16666666667	56.7207	3600.0	44.89	power	0.1	9	36
2	cradle	510.570438147	9	3	7	2.88888888889	56.7207	3600.0	48.43	power	0.1	9	36
3	cradle	297.724705219	8	4	8	3.33333333333	56.7207	3600.0	45.42	power	0.1	9	36
4	cradle	33464.3856421	0	0	0	0	0	0	0	power	0.1	9	36
5	cradle	471.548431158	8	4	7	3.16666666667	56.7207	3600.0	46.66	power	0.1	9	36
6	cradle	279.848824024	8	3	8	3.33333333333	56.7207	3600.0	42.7	power	0.1	9	36
7	cradle	728.238395929	8	4	7	3.16666666667	56.7207	3600.0	47.42	power	0.1	9	36
8	cradle	881.369503975	8	4	6	2.83333333333	56.7207	3600.0	49.72	power	0.1	9	36
9	cradle	381.187866926	8	3	7	3.16666666667	56.7207	3600.0	45.03	power	0.1	9	36
10	cradle	573.956645012	9	4	6	2.72222222222	56.7207	3600.0	48.26	power	0.1	9	36
1	3	137.048446894	5	2	5	2.33333333333	56.7207	3600.0	47.19	power	0.1	6	36
2	3	95.9444959164	6	3	3	1.73333333333	56.7207	3600.0	48.24	power	0.1	6	36
3	3	140.629545927	6	2	4	1.93333333333	56.7207	3600.0	49.79	power	0.1	6	36
4	3	142.987282991	6	2	3	1.8	56.7207	3600.0	47.39	power	0.1	6	36
5	3	86.8095231056	5	3	4	2.06666666667	56.7207	3600.0	47.04	power	0.1	6	36
6	3	129.646060944	5	3	4	2.06666666667	56.7207	3600.0	46.19	power	0.1	6	36
7	3	109.224420071	5	2	4	2.13333333333	56.7207	3600.0	45.94	power	0.1	6	36
8	3	215.169962168	5	2	5	2.33333333333	56.7207	3600.0	43.66	power	0.1	6	36
9	3	138.253192902	5	4	5	2.33333333333	56.7207	3600.0	44.25	power	0.1	6	36
10	3	136.493456841	5	3	5	2.33333333333	56.7207	3600.0	44.1	power	0.1	6	36
1	2	198.314813137	6	2	4	1.93333333333	56.7207	3600.0	46.73	power	0.1	6	36
2	2	207.446537971	6	2	3	1.8	56.7207	3600.0	47.6	power	0.1	6	36
3	2	190.993646145	6	3	4	1.93333333333	56.7207	3600.0	47.1	power	0.1	6	36
4	2	187.173946857	6	3	3	1.8	56.7207	3600.0	46.12	power	0.1	6	36
5	2	184.250505209	5	3	3	1.93333333333	56.7207	3600.0	47.52	power	0.1	6	36
6	2	213.176573038	5	2	4	2.13333333333	56.7207	3600.0	48.69	power	0.1	6	36
7	2	175.931223869	6	3	4	1.93333333333	56.7207	3600.0	45.26	power	0.1	6	36
8	2	151.18663311	6	2	4	1.86666666667	56.7207	3600.0	47.82	power	0.1	6	36
9	2	155.363878965	5	2	4	2.06666666667	56.7207	3600.0	46.37	power	0.1	6	36
10	2	144.697252035	5	2	5	2.33333333333	56.7207	3600.0	48.91	power	0.1	6	36
1	1	204.645268917	5	2	4	2.13333333333	56.7207	3600.0	44.99	power	0.1	6	36
2	1	238.798578024	5	4	5	2.33333333333	56.7207	3600.0	43.56	power	0.1	6	36
3	1	188.809508085	5	2	4	2.06666666667	56.7207	3600.0	47.51	power	0.1	6	36
4	1	293.202294111	6	3	3	1.73333333333	56.7207	3600.0	48.03	power	0.1	6	36
5	1	297.061632872	5	3	5	2.33333333333	56.7207	3600.0	45.43	power	0.1	6	36
6	1	238.508415937	5	3	4	2.06666666667	56.7207	3600.0	45.05	power	0.1	6	36
7	1	279.828953028	5	3	4	2.06666666667	56.7207	3600.0	43.62	power	0.1	6	36
8	1	229.635880947	5	3	4	2.13333333333	56.7207	3600.0	44.42	power	0.1	6	36
9	1	278.253195047	5	4	4	2.06666666667	56.7207	3600.0	42.86	power	0.1	6	36
10	1	300.009485006	5	3	3	1.93333333333	56.7207	3600.0	45.85	power	0.1	6	36
1	cradle	120.215751171	6	2	4	1.86666666667	56.7207	3600.0	47.83	power	0.1	6	36
2	cradle	116.415963173	5	2	5	2.33333333333	56.7207	3600.0	41.96	power	0.1	6	36
3	cradle	92.2516710758	5	4	4	2.13333333333	56.7207	3600.0	44.51	power	0.1	6	36
4	cradle	139.512961864	5	2	4	2.13333333333	56.7207	3600.0	46.52	power	0.1	6	36
5	cradle	128.886912107	7	3	3	1.66666666667	56.7207	3600.0	47.47	power	0.1	6	36
6	cradle	99.8090958595	5	4	4	2.13333333333	56.7207	3600.0	44.51	power	0.1	6	36
7	cradle	134.341067076	5	3	5	2.33333333333	56.7207	3600.0	44.69	power	0.1	6	36
8	cradle	139.899634838	6	3	3	1.8	56.7207	3600.0	47.41	power	0.1	6	36
9	cradle	135.044188976	6	2	4	1.86666666667	56.7207	3600.0	47.83	power	0.1	6	36
10	cradle	106.61740613	5	3	5	2.33333333333	56.7207	3600.0	44.58	power	0.1	6	36
