chips_added_at_a_time	execution_time	edges	levels	diameter	ASPL	power	frequency	tempurature	picked_by	overlap	numchips	candidates
3	727.073498011	8.7	3.6	5.4	2.56666666667	56.7207	3600.0	48.729	power	0.2	9	12
3	752.594752312	8.85	3.6	5.35	2.55833333333	56.7207	3600.0	48.615	power	0.2	9	13
3	729.050376964	8.76666666667	3.56666666667	5.5	2.60555555556	56.7207	3600.0	48.5513333333	power	0.2	9	14
3	741.589077348	8.675	3.55	5.675	2.64722222222	56.7207	3600.0	48.4715	power	0.2	9	15
3	786.897700405	8.72	3.56	5.56	2.61	55.837404	3576.0	48.2238	power	0.2	9	16
base3
layout_size = 9
candidates 16

2	826.839369059	8.9	3.2	5.3	2.51111111111	53.77638	3520.0	47.499	power	0.2	9	12
2	922.182593548	8.85	3.45	5.45	2.56666666667	54.51246	3540.0	47.653	power	0.2	9	13
2	929.317224614	8.83333333333	3.5	5.5	2.57962962963	54.2671	3533.33333333	47.7156666667	power	0.2	9	14
2	974.598931664	8.9	3.475	5.475	2.57222222222	54.8805	3550.0	47.90425	power	0.2	9	15
2	1012.35869377	8.9	3.48	5.4	2.56111111111	54.954108	3552.0	47.9194	power	0.2	9	16
base3
layout_size = 9
candidates 16

1	1153.10119319	9.0	3.1	5.6	2.57777777778	55.24854	3560.0	48.039	power	0.2	9	12
1	1356.73649712	9.0	3.4	5.45	2.55277777778	54.51246	3540.0	48.096	power	0.2	9	13
1	1413.59422427	8.96666666667	3.36666666667	5.46666666667	2.56481481481	54.2671	3533.33333333	47.8983333333	power	0.2	9	14
1	1444.98333308	8.775	3.475	5.525	2.60416666667	54.8805	3550.0	47.963	power	0.2	9	15
1	1419.28363379	8.8	3.42	5.46	2.58888888889	55.24854	3560.0	48.0386	power	0.2	9	16
base3
layout_size = 9
candidates 16

cradle	406.0201267	8.6	3.3	6.6	2.89444444444	56.7207	3600.0	46.103	power	0.2	9	12
cradle	439.68678374	8.68421052632	3.10526315789	6.36842105263	2.83333333333	56.7207	3600.0	46.6257894737	power	0.2	9	13
cradle	444.98232035	8.51724137931	3.10344827586	6.41379310345	2.86206896552	56.7207	3600.0	46.665862069	power	0.2	9	14
cradle	445.350785469	8.63157894737	3.0	6.31578947368	2.81725146199	56.7207	3600.0	46.7894736842	power	0.2	9	15
cradle	466.491787576	8.63829787234	3.06382978723	6.40425531915	2.83569739953	56.7207	3600.0	46.7123404255	power	0.2	9	16
base3
layout_size = 9
candidates 16

3	129.12741611	5.3	3.0	3.9	2.05333333333	56.7207	3600.0	46.399	power	0.2	6	12
3	138.49919616	5.25	2.9	3.95	2.06	56.7207	3600.0	46.0585	power	0.2	6	13
3	137.196391312	5.2	2.83333333333	3.96666666667	2.06222222222	56.7207	3600.0	46.081	power	0.2	6	14
3	142.04850831	5.2	2.825	3.95	2.06166666667	56.7207	3600.0	46.11225	power	0.2	6	15
3	147.293203602	5.22	2.86	3.98	2.06266666667	56.7207	3600.0	46.0952	power	0.2	6	16
base3
layout_size = 6
candidates 16

2	210.362793708	5.1	2.8	4.0	2.09333333333	56.7207	3600.0	44.925	power	0.2	6	12
2	218.667977524	5.05	2.9	4.2	2.14333333333	56.7207	3600.0	45.301	power	0.2	6	13
2	223.072911509	5.1	2.8	4.1	2.11555555555	56.7207	3600.0	45.599	power	0.2	6	14
2	233.783853084	5.15	2.825	4.075	2.09833333333	56.7207	3600.0	45.761	power	0.2	6	15
2	238.790234132	5.18	2.9	4.1	2.1	56.7207	3600.0	45.612	power	0.2	6	16
base3
layout_size = 6
candidates 16

1	283.809396768	5.3	2.7	3.6	1.99333333333	56.7207	3600.0	46.344	power	0.2	6	12
1	299.448836541	5.35	2.95	3.8	2.02666666667	56.7207	3600.0	45.4205	power	0.2	6	13
1	312.23204426	5.23333333333	2.93333333333	3.86666666667	2.05111111111	56.7207	3600.0	45.3343333333	power	0.2	6	14
1	328.329203379	5.275	2.875	3.8	2.03166666667	56.7207	3600.0	45.60425	power	0.2	6	15
1	344.89370101	5.3	2.86	3.76	2.02	56.7207	3600.0	45.9012	power	0.2	6	16
base3
layout_size = 6
candidates 16

cradle	101.139538431	5.3	2.4	4.3	2.14	56.7207	3600.0	45.359	power	0.2	6	12
cradle	103.259865546	5.3	2.6	4.4	2.15333333333	56.7207	3600.0	44.5765	power	0.2	6	13
cradle	104.38906517	5.36666666667	2.56666666667	4.36666666667	2.13111111111	56.7207	3600.0	45.017	power	0.2	6	14
cradle	107.591019225	5.425	2.6	4.3	2.11	56.7207	3600.0	44.96075	power	0.2	6	15
cradle	110.515713997	5.38	2.64	4.36	2.13333333333	56.7207	3600.0	44.6936	power	0.2	6	16
base3
layout_size = 6
candidates 16

3	457.317287517	8.6	3.2	5.1	2.59444444445	56.7207	3600.0	48.104	power	0.1	9	12
3	450.047667241	8.9	3.2	5.0	2.53055555556	56.7207	3600.0	47.9035	power	0.1	9	13
3	454.73148423	9.0	3.13333333333	5.06666666667	2.5037037037	56.7207	3600.0	48.113	power	0.1	9	14
3	444.6918109	8.975	3.125	5.125	2.51111111111	56.7207	3600.0	47.96125	power	0.1	9	15
3	460.04755424	8.94	3.22	5.18	2.51666666667	56.7207	3600.0	47.802	power	0.1	9	16
base3
layout_size = 9
candidates 16

2	477.596160388	8.9	3.3	5.0	2.52222222222	56.7207	3600.0	47.737	power	0.1	9	12
2	504.926734269	9.1	3.3	5.1	2.50555555555	56.7207	3600.0	47.7635	power	0.1	9	13
2	514.176422787	8.9	3.3	5.33333333333	2.57222222222	56.7207	3600.0	47.4896666667	power	0.1	9	14
2	561.34980824	8.95	3.325	5.275	2.54583333333	56.7207	3600.0	47.32875	power	0.1	9	15
2	562.368391085	9.02	3.32	5.22	2.52555555556	56.7207	3600.0	47.2434	power	0.1	9	16
base3
layout_size = 9
candidates 16

1	835.440070915	9.3	3.1	5.2	2.44444444444	56.7207	3600.0	47.324	power	0.1	9	12
1	939.310020518	9.35	3.2	5.1	2.44722222222	56.7207	3600.0	47.322	power	0.1	9	13
1	926.560593462	9.2	3.3	5.1	2.46296296296	56.7207	3600.0	47.1936666667	power	0.1	9	14
1	959.691204679	9.125	3.3	5.225	2.50416666667	56.7207	3600.0	46.96375	power	0.1	9	15
1	975.754717865	9.1	3.28	5.26	2.50333333333	56.7207	3600.0	46.8612	power	0.1	9	16
base3
layout_size = 9
candidates 16

cradle	287.868075061	8.8	3.1	6.3	2.78333333333	56.7207	3600.0	45.34	power	0.1	9	12
cradle	293.287360799	8.6	3.4	6.4	2.85555555556	56.7207	3600.0	45.1795	power	0.1	9	13
cradle	299.68333137	8.82142857143	3.28571428571	6.17857142857	2.76587301587	56.7207	3600.0	45.3921428571	power	0.1	9	14
cradle	317.727537007	8.78378378378	3.24324324324	6.32432432432	2.7987987988	56.7207	3600.0	45.8151351351	power	0.1	9	15
cradle	320.581741789	8.76086956522	3.10869565217	6.36956521739	2.80917874396	56.7207	3600.0	45.8080434783	power	0.1	9	16
base3
layout_size = 9
candidates 16

3	127.780252314	5.3	2.7	3.9	2.04666666667	56.7207	3600.0	44.266	power	0.1	6	12
3	126.405031693	5.3	2.85	3.95	2.05666666667	56.7207	3600.0	44.109	power	0.1	6	13
3	131.055945595	5.3	2.83333333333	3.9	2.04666666667	56.7207	3600.0	44.1133333333	power	0.1	6	14
3	131.756918663	5.25	2.8	3.95	2.06333333333	56.7207	3600.0	43.84025	power	0.1	6	15
3	135.071166377	5.26	2.8	3.92	2.05333333333	56.7207	3600.0	43.7364	power	0.1	6	16
base3
layout_size = 6
candidates 16

2	188.685152888	5.3	2.7	4.1	2.09333333333	56.7207	3600.0	44.146	power	0.1	6	12
2	195.072886395	5.25	2.75	3.95	2.06	56.7207	3600.0	43.7765	power	0.1	6	13
2	211.62570889	5.26666666667	2.83333333333	3.96666666667	2.06666666667	56.7207	3600.0	43.4583333333	power	0.1	6	14
2	225.502354127	5.275	2.825	3.925	2.05166666667	56.7207	3600.0	43.52525	power	0.1	6	15
2	229.515198536	5.3	2.82	3.92	2.04666666667	56.7207	3600.0	43.7104	power	0.1	6	16
base3
layout_size = 6
candidates 16

1	302.39618609	5.2	3.3	3.9	2.07333333333	56.7207	3600.0	42.352	power	0.1	6	12
1	300.191138995	5.3	3.05	3.9	2.05666666667	56.7207	3600.0	42.837	power	0.1	6	13
1	291.071988948	5.3	3.0	3.83333333333	2.03777777778	56.7207	3600.0	43.026	power	0.1	6	14
1	309.339628309	5.25	3.0	3.9	2.055	56.7207	3600.0	43.08575	power	0.1	6	15
1	323.72519475	5.22	2.98	3.9	2.056	56.7207	3600.0	43.3078	power	0.1	6	16
base3
layout_size = 6
candidates 16

cradle	102.496985555	5.4	2.6	4.4	2.16	56.7207	3600.0	42.536	power	0.1	6	12
cradle	104.719483042	5.35	2.55	4.35	2.14333333333	56.7207	3600.0	43.073	power	0.1	6	13
cradle	105.193890079	5.4	2.53333333333	4.3	2.12666666667	56.7207	3600.0	43.0596666667	power	0.1	6	14
cradle	109.885321563	5.3	2.6	4.475	2.17833333333	56.7207	3600.0	42.3595	power	0.1	6	15
cradle	111.298794727	5.34	2.58	4.48	2.168	56.7207	3600.0	42.3226	power	0.1	6	16
base3
layout_size = 6
candidates 16

