trial	chips_added_at_a_time	execution_time	edges	levels	diameter	ASPL	power	frequency	tempurature	picked_by	overlap	numchips	candidates
1	3	633.052968979	9	4	5	2.44444444444	56.7207	3600.0	47.28	power	0.2	9	12
2	3	882.665030003	9	3	5	2.55555555556	56.7207	3600.0	49.85	power	0.2	9	12
3	3	625.711129189	9	4	5	2.38888888889	56.7207	3600.0	48.08	power	0.2	9	12
4	3	477.73937583	10	3	6	2.55555555556	56.7207	3600.0	49.77	power	0.2	9	12
5	3	856.625695944	9	4	5	2.33333333333	56.7207	3600.0	49.63	power	0.2	9	12
6	3	1039.00275588	8	4	5	2.66666666667	56.7207	3600.0	47.28	power	0.2	9	12
7	3	724.330927134	9	4	6	2.61111111111	56.7207	3600.0	49.9	power	0.2	9	12
8	3	562.289520025	8	3	6	2.72222222222	56.7207	3600.0	47.95	power	0.2	9	12
9	3	752.011245012	8	4	6	2.83333333333	56.7207	3600.0	48.23	power	0.2	9	12
10	3	717.306332111	8	3	5	2.55555555556	56.7207	3600.0	49.32	power	0.2	9	12
1	3	778.156011105	8	3	6	2.72222222222	56.7207	3600.0	49.66	power	0.2	9	13
2	3	996.242558956	9	5	6	2.72222222222	56.7207	3600.0	44.8	power	0.2	9	13
3	3	852.543346167	9	4	5	2.55555555556	56.7207	3600.0	49.95	power	0.2	9	13
4	3	561.877163887	8	3	6	2.88888888889	56.7207	3600.0	47.98	power	0.2	9	13
5	3	951.713947058	9	4	5	2.5	56.7207	3600.0	49.71	power	0.2	9	13
6	3	612.548135042	10	4	5	2.27777777778	56.7207	3600.0	49.71	power	0.2	9	13
7	3	744.766381025	9	3	5	2.5	56.7207	3600.0	48.47	power	0.2	9	13
8	3	701.75759697	10	3	5	2.33333333333	56.7207	3600.0	49.33	power	0.2	9	13
9	3	949.967167854	9	3	5	2.5	56.7207	3600.0	48.43	power	0.2	9	13
10	3	631.587758064	9	4	5	2.5	56.7207	3600.0	46.97	power	0.2	9	13
1	3	736.179190159	8	3	7	3.05555555556	56.7207	3600.0	49.48	power	0.2	9	14
2	3	690.007078886	10	4	6	2.55555555556	56.7207	3600.0	47.11	power	0.2	9	14
3	3	708.913060904	8	3	6	2.83333333333	56.7207	3600.0	49.09	power	0.2	9	14
4	3	595.761951923	9	3	7	3.0	56.7207	3600.0	47.52	power	0.2	9	14
5	3	731.718147039	9	4	5	2.5	56.7207	3600.0	49.8	power	0.2	9	14
6	3	728.776349783	9	4	5	2.5	56.7207	3600.0	49.79	power	0.2	9	14
7	3	847.671355963	8	4	5	2.55555555556	56.7207	3600.0	47.29	power	0.2	9	14
8	3	623.744354963	9	3	5	2.55555555556	56.7207	3600.0	48.17	power	0.2	9	14
9	3	726.151642084	8	4	5	2.44444444444	56.7207	3600.0	49.74	power	0.2	9	14
10	3	430.69313097	8	3	7	3.0	56.7207	3600.0	46.25	power	0.2	9	14
1	3	692.68620491	8	4	7	3.0	56.7207	3600.0	48.4	power	0.2	9	15
2	3	862.168877125	8	3	7	3.0	56.7207	3600.0	47.23	power	0.2	9	15
3	3	725.97606492	8	4	6	2.88888888889	56.7207	3600.0	48.46	power	0.2	9	15
4	3	627.963488102	8	3	7	3.0	56.7207	3600.0	46.42	power	0.2	9	15
5	3	561.874434948	8	3	6	2.72222222222	56.7207	3600.0	47.67	power	0.2	9	15
6	3	974.531359911	9	3	6	2.55555555556	56.7207	3600.0	49.84	power	0.2	9	15
7	3	787.852416992	8	5	8	3.33333333333	56.7207	3600.0	45.65	power	0.2	9	15
8	3	939.593602896	10	3	5	2.33333333333	56.7207	3600.0	49.65	power	0.2	9	15
9	3	749.991671085	8	4	6	2.66666666667	56.7207	3600.0	49.42	power	0.2	9	15
10	3	869.413664103	9	3	4	2.22222222222	56.7207	3600.0	49.58	power	0.2	9	15
1	3	748.36623621	8	3	6	2.88888888889	56.7207	3600.0	48.49	power	0.2	9	16
2	3	741.67848897	10	2	5	2.33333333333	41.9991	3200.0	45.43	power	0.2	9	16
3	3	1072.50865793	9	3	4	2.33333333333	41.9991	3200.0	45.58	power	0.2	9	16
4	3	972.933227062	8	4	5	2.55555555556	56.7207	3600.0	46.67	power	0.2	9	16
5	3	1347.11952114	10	4	5	2.27777777778	56.7207	3600.0	49.68	power	0.2	9	16
6	3	1286.58193302	9	4	5	2.33333333333	41.9991	3200.0	46.4	power	0.2	9	16
7	3	902.465477943	9	4	6	2.61111111111	56.7207	3600.0	47.26	power	0.2	9	16
8	3	1119.41911292	9	4	4	2.22222222222	56.7207	3600.0	48.13	power	0.2	9	16
9	3	852.846656084	9	3	5	2.33333333333	56.7207	3600.0	49.72	power	0.2	9	16
10	3	637.40261507	8	5	6	2.72222222222	56.7207	3600.0	44.97	power	0.2	9	16
1	2	1083.78444099	10	3	5	2.38888888889	56.7207	3600.0	48.98	power	0.2	9	12
2	2	1193.28891993	9	3	5	2.5	56.7207	3600.0	48.97	power	0.2	9	12
3	2	860.122076988	8	3	6	2.83333333333	56.7207	3600.0	47.54	power	0.2	9	12
4	2	850.959937811	9	4	5	2.44444444444	56.7207	3600.0	47.49	power	0.2	9	12
5	2	887.461369991	9	3	5	2.44444444444	41.9991	3200.0	44.12	power	0.2	9	12
6	2	551.457316875	9	3	5	2.33333333333	56.7207	3600.0	48.16	power	0.2	9	12
7	2	477.930900097	9	4	5	2.44444444444	56.7207	3600.0	47.98	power	0.2	9	12
8	2	1148.51247096	8	3	6	2.72222222222	41.9991	3200.0	44.31	power	0.2	9	12
9	2	542.195492983	9	3	6	2.55555555556	56.7207	3600.0	48.4	power	0.2	9	12
10	2	672.68076396	9	3	5	2.44444444444	56.7207	3600.0	49.04	power	0.2	9	12
1	2	1111.794981	9	5	6	2.72222222222	56.7207	3600.0	48.16	power	0.2	9	13
2	2	1157.62696314	8	4	5	2.61111111111	56.7207	3600.0	47.7	power	0.2	9	13
3	2	960.806612015	9	3	6	2.77777777778	56.7207	3600.0	47.19	power	0.2	9	13
4	2	633.256462097	8	3	7	3.0	56.7207	3600.0	46.35	power	0.2	9	13
5	2	710.01535511	8	3	7	3.0	56.7207	3600.0	49.83	power	0.2	9	13
6	2	914.84008503	10	3	5	2.33333333333	56.7207	3600.0	49.32	power	0.2	9	13
7	2	1349.77007699	9	4	5	2.5	41.9991	3200.0	44.74	power	0.2	9	13
8	2	701.850739002	9	3	5	2.44444444444	56.7207	3600.0	48.58	power	0.2	9	13
9	2	1585.32599306	8	5	5	2.55555555556	56.7207	3600.0	46.47	power	0.2	9	13
10	2	1049.97091293	10	4	5	2.27777777778	56.7207	3600.0	49.73	power	0.2	9	13
1	2	1075.35412884	9	4	5	2.5	56.7207	3600.0	49.28	power	0.2	9	14
2	2	759.235338926	8	4	7	3.05555555556	56.7207	3600.0	48.4	power	0.2	9	14
3	2	880.296015978	9	3	6	2.66666666667	56.7207	3600.0	47.73	power	0.2	9	14
4	2	1022.99052882	8	3	6	2.83333333333	56.7207	3600.0	47.2	power	0.2	9	14
5	2	881.304828882	9	4	5	2.5	56.7207	3600.0	49.98	power	0.2	9	14
6	2	893.247269869	9	4	6	2.55555555556	56.7207	3600.0	48.22	power	0.2	9	14
7	2	871.570786953	8	4	5	2.55555555556	56.7207	3600.0	47.92	power	0.2	9	14
8	2	908.96468401	10	2	5	2.33333333333	41.9991	3200.0	45.94	power	0.2	9	14
9	2	1022.83982205	9	5	6	2.61111111111	56.7207	3600.0	49.43	power	0.2	9	14
10	2	1120.06146312	9	3	5	2.44444444444	41.9991	3200.0	44.31	power	0.2	9	14
1	2	1230.11028409	9	4	6	2.61111111111	56.7207	3600.0	47.05	power	0.2	9	15
2	2	904.155810118	9	4	7	3.0	56.7207	3600.0	49.92	power	0.2	9	15
3	2	1514.54306102	9	4	5	2.5	56.7207	3600.0	49.49	power	0.2	9	15
4	2	1430.99356794	9	4	5	2.38888888889	56.7207	3600.0	47.92	power	0.2	9	15
5	2	1076.2831831	8	3	6	2.83333333333	56.7207	3600.0	47.44	power	0.2	9	15
6	2	1125.66796398	10	3	5	2.27777777778	56.7207	3600.0	49.22	power	0.2	9	15
7	2	1420.43989611	10	3	4	2.16666666667	56.7207	3600.0	49.31	power	0.2	9	15
8	2	1023.07862902	8	3	6	2.83333333333	56.7207	3600.0	47.65	power	0.2	9	15
9	2	412.151801825	9	3	5	2.55555555556	56.7207	3600.0	47.35	power	0.2	9	15
10	2	967.016330957	10	3	5	2.33333333333	56.7207	3600.0	49.35	power	0.2	9	15
1	2	871.375844955	10	3	5	2.38888888889	56.7207	3600.0	48.67	power	0.2	9	16
2	2	1130.62628007	9	3	5	2.5	56.7207	3600.0	48.41	power	0.2	9	16
3	2	909.039064884	10	3	5	2.33333333333	56.7207	3600.0	48.82	power	0.2	9	16
4	2	1521.9533639	8	4	5	2.55555555556	56.7207	3600.0	47.6	power	0.2	9	16
5	2	1029.62588692	8	4	6	2.83333333333	56.7207	3600.0	48.81	power	0.2	9	16
6	2	1242.33970594	9	5	5	2.5	56.7207	3600.0	48.03	power	0.2	9	16
7	2	1642.34694409	9	4	4	2.22222222222	41.9991	3200.0	45.4	power	0.2	9	16
8	2	1353.96512508	9	3	4	2.33333333333	56.7207	3600.0	49.02	power	0.2	9	16
9	2	1015.56354713	9	3	5	2.5	56.7207	3600.0	48.79	power	0.2	9	16
10	2	917.141659021	8	3	7	3.0	56.7207	3600.0	46.25	power	0.2	9	16
1	1	2038.31602907	8	3	5	2.55555555556	41.9991	3200.0	44.6	power	0.2	9	12
2	1	771.336974144	9	3	5	2.55555555556	56.7207	3600.0	48.81	power	0.2	9	12
3	1	1193.77632809	8	3	6	2.72222222222	56.7207	3600.0	47.71	power	0.2	9	12
4	1	1211.58050394	8	3	5	2.66666666667	56.7207	3600.0	47.48	power	0.2	9	12
5	1	1272.17603087	10	3	5	2.33333333333	56.7207	3600.0	48.8	power	0.2	9	12
6	1	1047.2219758	8	4	7	3.05555555556	56.7207	3600.0	45.2	power	0.2	9	12
7	1	1157.75172091	11	3	5	2.16666666667	56.7207	3600.0	49.98	power	0.2	9	12
8	1	1120.31535602	10	3	6	2.44444444444	56.7207	3600.0	49.7	power	0.2	9	12
9	1	1084.74777913	9	3	7	2.88888888889	56.7207	3600.0	48.42	power	0.2	9	12
10	1	633.789233923	9	3	5	2.38888888889	56.7207	3600.0	49.69	power	0.2	9	12
1	1	1327.35271907	10	4	5	2.38888888889	56.7207	3600.0	49.29	power	0.2	9	13
2	1	986.758760929	9	3	5	2.44444444444	56.7207	3600.0	48.59	power	0.2	9	13
3	1	1396.335464	10	4	5	2.33333333333	56.7207	3600.0	47.88	power	0.2	9	13
4	1	1795.24174905	10	5	5	2.33333333333	56.7207	3600.0	48.25	power	0.2	9	13
5	1	1517.01181698	8	4	6	2.83333333333	56.7207	3600.0	49.86	power	0.2	9	13
6	1	1656.85876703	8	3	6	2.83333333333	56.7207	3600.0	49.88	power	0.2	9	13
7	1	1519.82439709	9	3	4	2.33333333333	41.9991	3200.0	44.73	power	0.2	9	13
8	1	2157.80580807	9	3	5	2.5	41.9991	3200.0	45.84	power	0.2	9	13
9	1	1745.97463107	9	4	6	2.55555555556	56.7207	3600.0	47.72	power	0.2	9	13
10	1	1500.55389714	8	4	6	2.72222222222	56.7207	3600.0	49.49	power	0.2	9	13
1	1	996.135234833	8	3	7	3.0	56.7207	3600.0	47.33	power	0.2	9	14
2	1	1664.00639701	8	3	6	2.83333333333	56.7207	3600.0	47.09	power	0.2	9	14
3	1	1625.33599401	8	3	6	2.72222222222	56.7207	3600.0	47.22	power	0.2	9	14
4	1	1912.16343808	11	3	5	2.22222222222	41.9991	3200.0	44.15	power	0.2	9	14
5	1	1495.63867998	9	4	5	2.5	56.7207	3600.0	49.73	power	0.2	9	14
6	1	1879.01734304	9	3	5	2.44444444444	56.7207	3600.0	48.85	power	0.2	9	14
7	1	991.378274918	8	3	6	2.83333333333	56.7207	3600.0	48.83	power	0.2	9	14
8	1	1576.63614202	10	4	5	2.38888888889	41.9991	3200.0	43.89	power	0.2	9	14
9	1	1258.16950297	9	3	5	2.38888888889	56.7207	3600.0	48.31	power	0.2	9	14
10	1	1874.61577892	9	4	5	2.55555555556	56.7207	3600.0	49.63	power	0.2	9	14
1	1	1195.82584906	8	4	5	2.72222222222	56.7207	3600.0	47.13	power	0.2	9	15
2	1	883.169411898	8	3	6	2.72222222222	56.7207	3600.0	48.82	power	0.2	9	15
3	1	1509.42381501	8	5	5	2.66666666667	56.7207	3600.0	47.28	power	0.2	9	15
4	1	2184.33698201	8	4	6	2.72222222222	56.7207	3600.0	46.9	power	0.2	9	15
5	1	1698.24231386	8	4	6	2.66666666667	56.7207	3600.0	49.65	power	0.2	9	15
6	1	1575.48862791	8	4	5	2.55555555556	56.7207	3600.0	49.43	power	0.2	9	15
7	1	1278.46608901	8	3	7	3.05555555556	56.7207	3600.0	48.41	power	0.2	9	15
8	1	1029.12479115	8	3	8	3.33333333333	56.7207	3600.0	45.76	power	0.2	9	15
9	1	2350.45395994	8	4	5	2.55555555556	56.7207	3600.0	49.25	power	0.2	9	15
10	1	1686.97475505	10	4	4	2.22222222222	56.7207	3600.0	48.94	power	0.2	9	15
1	1	1562.91105294	9	3	5	2.38888888889	56.7207	3600.0	49.81	power	0.2	9	16
2	1	1866.43163991	8	3	5	2.55555555556	56.7207	3600.0	49.05	power	0.2	9	16
3	1	981.042357922	11	3	4	2.11111111111	56.7207	3600.0	49.93	power	0.2	9	16
4	1	1678.49319386	8	4	6	2.88888888889	56.7207	3600.0	45.04	power	0.2	9	16
5	1	1138.47065592	9	3	5	2.55555555556	56.7207	3600.0	47.84	power	0.2	9	16
6	1	1460.11352706	10	4	5	2.33333333333	56.7207	3600.0	47.73	power	0.2	9	16
7	1	1824.2378459	10	3	5	2.33333333333	56.7207	3600.0	49.33	power	0.2	9	16
8	1	623.817476034	8	3	6	2.72222222222	56.7207	3600.0	47.38	power	0.2	9	16
9	1	1431.29564905	8	3	6	2.72222222222	56.7207	3600.0	48.08	power	0.2	9	16
10	1	598.034968138	8	3	5	2.66666666667	56.7207	3600.0	49.22	power	0.2	9	16
1	cradle	287.869688988	8	3	8	3.33333333333	56.7207	3600.0	42.05	power	0.2	9	12
2	cradle	519.386722088	9	3	7	2.88888888889	56.7207	3600.0	49.06	power	0.2	9	12
3	cradle	286.411309004	8	4	8	3.33333333333	56.7207	3600.0	42.04	power	0.2	9	12
4	cradle	287.293811083	8	5	7	3.0	56.7207	3600.0	43.16	power	0.2	9	12
5	cradle	173.59957695	8	2	8	3.33333333333	56.7207	3600.0	46.55	power	0.2	9	12
6	cradle	677.701534986	10	3	5	2.38888888889	56.7207	3600.0	48.94	power	0.2	9	12
7	cradle	486.393101931	9	4	6	2.61111111111	56.7207	3600.0	45.31	power	0.2	9	12
8	cradle	523.190757036	8	4	5	2.66666666667	56.7207	3600.0	48.46	power	0.2	9	12
9	cradle	527.630522966	9	3	7	2.88888888889	56.7207	3600.0	46.41	power	0.2	9	12
10	cradle	290.724241972	9	2	5	2.5	56.7207	3600.0	49.05	power	0.2	9	12
1	cradle	583.003298044	9	3	5	2.5	56.7207	3600.0	47.72	power	0.2	9	13
2	cradle	485.737319946	11	3	5	2.16666666667	56.7207	3600.0	48.67	power	0.2	9	13
3	cradle	206608.63232	0	0	0	0	0	0	0	power	0.2	9	13
4	cradle	254.541890144	8	3	8	3.33333333333	56.7207	3600.0	43.38	power	0.2	9	13
5	cradle	525.123720169	9	3	5	2.5	56.7207	3600.0	47.84	power	0.2	9	13
6	cradle	469.312584877	8	4	6	2.83333333333	56.7207	3600.0	48.85	power	0.2	9	13
7	cradle	450.539824963	8	3	8	3.33333333333	56.7207	3600.0	48.21	power	0.2	9	13
8	cradle	311.879452944	8	3	7	3.0	56.7207	3600.0	43.74	power	0.2	9	13
9	cradle	532.788192987	8	2	6	2.83333333333	56.7207	3600.0	48.05	power	0.2	9	13
10	cradle	680.921339989	10	2	5	2.38888888889	56.7207	3600.0	48.4	power	0.2	9	13
1	cradle	686.668020964	9	3	5	2.5	56.7207	3600.0	48.55	power	0.2	9	14
2	cradle	228.276033163	8	2	7	3.0	56.7207	3600.0	47.47	power	0.2	9	14
3	cradle	304.854879856	9	3	5	2.5	56.7207	3600.0	47.52	power	0.2	9	14
4	cradle	692.571244001	8	5	7	3.0	56.7207	3600.0	44.36	power	0.2	9	14
5	cradle	461.427697182	8	3	8	3.33333333333	56.7207	3600.0	46.37	power	0.2	9	14
6	cradle	584.255317926	8	4	7	3.16666666667	56.7207	3600.0	44.41	power	0.2	9	14
7	cradle	421.091104984	8	2	6	2.83333333333	56.7207	3600.0	48.61	power	0.2	9	14
8	cradle	207.991722107	8	3	6	2.83333333333	56.7207	3600.0	45.12	power	0.2	9	14
9	cradle	458.714167833	8	3	7	3.0	56.7207	3600.0	49.94	power	0.2	9	14
10	cradle	504.58821106	8	3	7	3.0	56.7207	3600.0	45.07	power	0.2	9	14
1	cradle	559.46659708	11	3	5	2.22222222222	56.7207	3600.0	49.85	power	0.2	9	15
2	cradle	484.676635981	9	3	5	2.5	56.7207	3600.0	48.81	power	0.2	9	15
3	cradle	48041.8159909	0	0	0	0	0	0	0	power	0.2	9	15
4	cradle	295.137992859	8	2	6	2.83333333333	56.7207	3600.0	46.75	power	0.2	9	15
5	cradle	223.557862997	8	2	7	3.0	56.7207	3600.0	42.15	power	0.2	9	15
6	cradle	281.703003883	9	3	6	2.61111111111	56.7207	3600.0	47.77	power	0.2	9	15
7	cradle	347.599464893	9	3	6	2.61111111111	56.7207	3600.0	47.57	power	0.2	9	15
8	cradle	621.80386591	9	3	7	2.88888888889	56.7207	3600.0	46.5	power	0.2	9	15
9	cradle	558.431814909	9	2	5	2.5	56.7207	3600.0	48.45	power	0.2	9	15
10	cradle	646.465319157	9	3	7	2.88888888889	56.7207	3600.0	46.84	power	0.2	9	15
1	cradle	483.370621204	9	3	7	2.88888888889	56.7207	3600.0	49.77	power	0.2	9	16
2	cradle	614.302008152	8	3	7	3.0	56.7207	3600.0	46.57	power	0.2	9	16
3	cradle	832.292657852	10	4	6	2.55555555556	56.7207	3600.0	44.63	power	0.2	9	16
4	cradle	31629.4944289	0	0	0	0	0	0	0	power	0.2	9	16
5	cradle	425.354707956	8	4	8	3.33333333333	56.7207	3600.0	43.41	power	0.2	9	16
6	cradle	678.339784861	9	3	7	2.88888888889	56.7207	3600.0	45.72	power	0.2	9	16
7	cradle	785.622653961	9	3	7	2.88888888889	56.7207	3600.0	49.91	power	0.2	9	16
8	cradle	327.230664015	8	4	6	2.83333333333	56.7207	3600.0	44.8	power	0.2	9	16
9	cradle	567.308431149	9	3	5	2.5	56.7207	3600.0	47.56	power	0.2	9	16
10	cradle	287.962639093	8	3	8	3.33333333333	56.7207	3600.0	45.11	power	0.2	9	16
1	3	124.654972076	5	3	4	2.13333333333	56.7207	3600.0	44.42	power	0.2	6	12
2	3	101.541847944	5	4	5	2.33333333333	56.7207	3600.0	45.46	power	0.2	6	12
3	3	124.40086484	5	3	4	2.13333333333	56.7207	3600.0	46.37	power	0.2	6	12
4	3	103.174231052	5	3	3	1.93333333333	56.7207	3600.0	45.71	power	0.2	6	12
5	3	104.991958141	7	2	3	1.66666666667	56.7207	3600.0	48.91	power	0.2	6	12
6	3	108.636683941	5	3	5	2.33333333333	56.7207	3600.0	45.78	power	0.2	6	12
7	3	150.65576911	5	4	4	2.06666666667	56.7207	3600.0	43.89	power	0.2	6	12
8	3	123.377774	5	3	4	2.06666666667	56.7207	3600.0	47.69	power	0.2	6	12
9	3	172.248693943	5	3	4	2.06666666667	56.7207	3600.0	47.88	power	0.2	6	12
10	3	177.591366053	6	2	3	1.8	56.7207	3600.0	47.88	power	0.2	6	12
1	3	124.579282999	6	2	3	1.73333333333	56.7207	3600.0	48.0	power	0.2	6	13
2	3	131.449036837	5	4	5	2.33333333333	56.7207	3600.0	42.46	power	0.2	6	13
3	3	100.823260069	5	2	4	2.06666666667	56.7207	3600.0	47.58	power	0.2	6	13
4	3	172.364551067	5	3	4	2.06666666667	56.7207	3600.0	44.8	power	0.2	6	13
5	3	213.897907019	5	3	4	2.13333333333	56.7207	3600.0	44.39	power	0.2	6	13
6	3	109.045015097	5	4	4	2.06666666667	56.7207	3600.0	43.78	power	0.2	6	13
7	3	150.043138981	5	3	4	2.06666666667	56.7207	3600.0	45.46	power	0.2	6	13
8	3	204.042425871	5	2	5	2.33333333333	56.7207	3600.0	47.72	power	0.2	6	13
9	3	100.708672047	5	2	4	2.06666666667	56.7207	3600.0	47.7	power	0.2	6	13
10	3	171.756472111	6	3	3	1.8	56.7207	3600.0	45.29	power	0.2	6	13
1	3	125.62298584	5	2	4	2.06666666667	56.7207	3600.0	47.15	power	0.2	6	14
2	3	108.850422144	5	4	4	2.06666666667	56.7207	3600.0	43.78	power	0.2	6	14
3	3	127.523639917	6	2	4	1.86666666667	56.7207	3600.0	44.68	power	0.2	6	14
4	3	127.829391956	5	2	3	1.86666666667	56.7207	3600.0	49.08	power	0.2	6	14
5	3	125.325603962	5	3	3	1.86666666667	56.7207	3600.0	45.98	power	0.2	6	14
6	3	149.995815992	5	3	4	2.06666666667	56.7207	3600.0	45.48	power	0.2	6	14
7	3	147.408450127	5	2	5	2.33333333333	56.7207	3600.0	46.28	power	0.2	6	14
8	3	107.874463081	5	4	5	2.33333333333	56.7207	3600.0	45.41	power	0.2	6	14
9	3	152.728567123	5	3	3	1.86666666667	56.7207	3600.0	49.32	power	0.2	6	14
10	3	172.748476028	5	2	5	2.33333333333	56.7207	3600.0	44.1	power	0.2	6	14
1	3	216.209096909	5	2	4	2.06666666667	56.7207	3600.0	46.22	power	0.2	6	15
2	3	217.919213057	5	3	3	1.86666666667	56.7207	3600.0	45.65	power	0.2	6	15
3	3	112.551845074	6	3	3	1.8	56.7207	3600.0	45.83	power	0.2	6	15
4	3	131.077802181	5	2	5	2.33333333333	56.7207	3600.0	46.41	power	0.2	6	15
5	3	153.105107069	5	3	5	2.33333333333	56.7207	3600.0	46.36	power	0.2	6	15
6	3	125.995745897	5	3	4	2.06666666667	56.7207	3600.0	47.36	power	0.2	6	15
7	3	129.095505953	6	3	3	1.8	56.7207	3600.0	47.33	power	0.2	6	15
8	3	153.624769926	5	4	4	2.13333333333	56.7207	3600.0	43.84	power	0.2	6	15
9	3	153.162461996	5	3	4	2.06666666667	56.7207	3600.0	47.35	power	0.2	6	15
10	3	173.307044983	5	2	4	2.13333333333	56.7207	3600.0	45.71	power	0.2	6	15
1	3	199.719302177	5	3	4	2.13333333333	56.7207	3600.0	46.14	power	0.2	6	16
2	3	158.168652058	6	2	4	1.86666666667	56.7207	3600.0	49.55	power	0.2	6	16
3	3	176.347102165	6	4	4	1.86666666667	56.7207	3600.0	43.92	power	0.2	6	16
4	3	177.405578136	6	2	4	1.93333333333	56.7207	3600.0	48.38	power	0.2	6	16
5	3	194.711333036	5	3	4	2.06666666667	56.7207	3600.0	47.35	power	0.2	6	16
6	3	132.216620922	5	4	5	2.33333333333	56.7207	3600.0	43.54	power	0.2	6	16
7	3	152.143552065	5	2	4	2.06666666667	56.7207	3600.0	46.53	power	0.2	6	16
8	3	134.286407948	5	4	4	2.13333333333	56.7207	3600.0	43.48	power	0.2	6	16
9	3	148.965080976	5	3	4	2.13333333333	56.7207	3600.0	44.28	power	0.2	6	16
10	3	208.756218195	5	3	4	2.13333333333	56.7207	3600.0	47.1	power	0.2	6	16
1	2	201.963947773	5	2	4	2.13333333333	56.7207	3600.0	48.42	power	0.2	6	12
2	2	214.058673859	5	3	4	2.13333333333	56.7207	3600.0	44.09	power	0.2	6	12
3	2	229.448572874	5	3	4	2.06666666667	56.7207	3600.0	42.32	power	0.2	6	12
4	2	230.241111994	5	3	4	2.06666666667	56.7207	3600.0	45.58	power	0.2	6	12
5	2	208.304655075	5	3	4	2.13333333333	56.7207	3600.0	44.13	power	0.2	6	12
6	2	174.480724812	5	2	5	2.33333333333	56.7207	3600.0	48.08	power	0.2	6	12
7	2	232.491831064	5	4	4	2.06666666667	56.7207	3600.0	41.3	power	0.2	6	12
8	2	224.160981894	5	3	4	2.13333333333	56.7207	3600.0	44.4	power	0.2	6	12
9	2	174.16940093	5	2	4	2.06666666667	56.7207	3600.0	45.91	power	0.2	6	12
10	2	214.308036804	6	3	3	1.8	56.7207	3600.0	45.02	power	0.2	6	12
1	2	229.729410887	5	3	5	2.33333333333	56.7207	3600.0	45.58	power	0.2	6	13
2	2	212.455276012	5	3	4	2.06666666667	56.7207	3600.0	44.58	power	0.2	6	13
3	2	288.724172831	5	4	5	2.33333333333	56.7207	3600.0	43.1	power	0.2	6	13
4	2	180.563413143	5	2	4	2.06666666667	56.7207	3600.0	49.82	power	0.2	6	13
5	2	228.93888402	5	3	4	2.13333333333	56.7207	3600.0	43.55	power	0.2	6	13
6	2	201.614988804	5	2	4	2.13333333333	56.7207	3600.0	48.17	power	0.2	6	13
7	2	210.13457489	5	3	4	2.06666666667	56.7207	3600.0	47.84	power	0.2	6	13
8	2	232.86516881	5	3	5	2.33333333333	56.7207	3600.0	43.36	power	0.2	6	13
9	2	253.288513899	5	4	5	2.33333333333	56.7207	3600.0	45.75	power	0.2	6	13
10	2	231.417210102	5	3	4	2.13333333333	56.7207	3600.0	45.02	power	0.2	6	13
1	2	158.738474846	5	2	5	2.33333333333	56.7207	3600.0	46.53	power	0.2	6	14
2	2	234.739987135	5	3	4	2.13333333333	56.7207	3600.0	44.35	power	0.2	6	14
3	2	221.150357962	5	3	4	2.13333333333	56.7207	3600.0	44.52	power	0.2	6	14
4	2	238.686225891	5	3	4	2.06666666667	56.7207	3600.0	44.55	power	0.2	6	14
5	2	248.194303989	6	2	3	1.8	56.7207	3600.0	49.26	power	0.2	6	14
6	2	230.843105078	5	3	4	2.13333333333	56.7207	3600.0	45.4	power	0.2	6	14
7	2	237.400851965	5	3	4	2.06666666667	56.7207	3600.0	46.93	power	0.2	6	14
8	2	324.094861031	5	2	4	2.13333333333	56.7207	3600.0	45.87	power	0.2	6	14
9	2	218.637776852	6	3	3	1.73333333333	56.7207	3600.0	48.5	power	0.2	6	14
10	2	206.341850042	5	2	4	2.06666666667	56.7207	3600.0	46.04	power	0.2	6	14
1	2	280.496320963	5	3	4	2.13333333333	56.7207	3600.0	46.36	power	0.2	6	15
2	2	322.730983973	6	2	4	1.93333333333	56.7207	3600.0	48.38	power	0.2	6	15
3	2	266.96055007	5	3	4	2.06666666667	56.7207	3600.0	45.76	power	0.2	6	15
4	2	229.061161995	5	3	4	2.13333333333	56.7207	3600.0	44.93	power	0.2	6	15
5	2	279.335144997	5	3	4	2.06666666667	56.7207	3600.0	45.56	power	0.2	6	15
6	2	281.197911978	5	4	4	2.06666666667	56.7207	3600.0	44.47	power	0.2	6	15
7	2	259.036398888	6	3	4	1.93333333333	56.7207	3600.0	47.59	power	0.2	6	15
8	2	204.010955095	5	2	5	2.33333333333	56.7207	3600.0	46.3	power	0.2	6	15
9	2	281.218704939	6	3	3	1.73333333333	56.7207	3600.0	45.97	power	0.2	6	15
10	2	255.118645191	5	3	4	2.06666666667	56.7207	3600.0	47.15	power	0.2	6	15
1	2	282.930774927	5	4	5	2.33333333333	56.7207	3600.0	43.58	power	0.2	6	16
2	2	282.062751055	5	3	4	2.06666666667	56.7207	3600.0	47.54	power	0.2	6	16
3	2	301.02077508	5	3	4	2.06666666667	56.7207	3600.0	44.41	power	0.2	6	16
4	2	204.798457146	6	3	3	1.8	56.7207	3600.0	45.65	power	0.2	6	16
5	2	287.119544983	5	3	4	2.13333333333	56.7207	3600.0	43.95	power	0.2	6	16
6	2	235.804759026	5	3	5	2.33333333333	56.7207	3600.0	41.29	power	0.2	6	16
7	2	261.046087027	5	4	5	2.33333333333	56.7207	3600.0	45.39	power	0.2	6	16
8	2	309.672596931	6	3	3	1.73333333333	56.7207	3600.0	48.5	power	0.2	6	16
9	2	188.722748995	6	3	4	1.93333333333	56.7207	3600.0	46.35	power	0.2	6	16
10	2	234.979088068	5	3	5	2.33333333333	56.7207	3600.0	43.5	power	0.2	6	16
1	1	332.977149963	6	3	3	1.8	56.7207	3600.0	47.59	power	0.2	6	12
2	1	339.442888975	5	3	4	2.13333333333	56.7207	3600.0	44.65	power	0.2	6	12
3	1	338.164619923	5	3	4	2.13333333333	56.7207	3600.0	46.14	power	0.2	6	12
4	1	244.371364117	5	3	3	1.93333333333	56.7207	3600.0	45.41	power	0.2	6	12
5	1	258.339248896	6	2	3	1.8	56.7207	3600.0	47.18	power	0.2	6	12
6	1	233.107370853	5	2	4	2.13333333333	56.7207	3600.0	45.48	power	0.2	6	12
7	1	311.201601028	5	3	4	2.06666666667	56.7207	3600.0	45.1	power	0.2	6	12
8	1	185.851480007	5	2	4	2.06666666667	56.7207	3600.0	46.06	power	0.2	6	12
9	1	233.874963045	6	3	3	1.8	56.7207	3600.0	47.81	power	0.2	6	12
10	1	360.763280869	5	3	4	2.06666666667	56.7207	3600.0	48.02	power	0.2	6	12
1	1	285.590725899	6	3	3	1.8	56.7207	3600.0	45.29	power	0.2	6	13
2	1	361.804768085	6	3	4	1.93333333333	56.7207	3600.0	47.79	power	0.2	6	13
3	1	277.532331944	5	3	4	2.06666666667	56.7207	3600.0	44.8	power	0.2	6	13
4	1	315.349094868	5	3	5	2.33333333333	56.7207	3600.0	41.47	power	0.2	6	13
5	1	432.626360178	5	4	5	2.33333333333	56.7207	3600.0	43.22	power	0.2	6	13
6	1	340.839030981	6	3	3	1.8	56.7207	3600.0	45.56	power	0.2	6	13
7	1	294.696681976	6	3	3	1.8	56.7207	3600.0	45.02	power	0.2	6	13
8	1	236.17769599	5	3	5	2.33333333333	56.7207	3600.0	46.08	power	0.2	6	13
9	1	342.801659107	5	4	4	2.13333333333	56.7207	3600.0	43.68	power	0.2	6	13
10	1	263.46441412	5	3	4	2.06666666667	56.7207	3600.0	42.06	power	0.2	6	13
1	1	283.789381981	5	2	4	2.13333333333	56.7207	3600.0	45.48	power	0.2	6	14
2	1	382.134276152	5	4	5	2.33333333333	56.7207	3600.0	43.52	power	0.2	6	14
3	1	331.254866838	5	3	3	1.93333333333	56.7207	3600.0	45.54	power	0.2	6	14
4	1	343.180912018	5	3	4	2.06666666667	56.7207	3600.0	42.27	power	0.2	6	14
5	1	418.9542799	5	4	4	2.06666666667	56.7207	3600.0	43.91	power	0.2	6	14
6	1	363.870764017	5	3	4	2.06666666667	56.7207	3600.0	44.98	power	0.2	6	14
7	1	443.347059011	5	4	5	2.33333333333	56.7207	3600.0	42.53	power	0.2	6	14
8	1	233.298913002	5	2	3	1.86666666667	56.7207	3600.0	48.4	power	0.2	6	14
9	1	278.341467857	5	2	4	2.13333333333	56.7207	3600.0	48.95	power	0.2	6	14
10	1	299.812676191	5	2	4	2.06666666667	56.7207	3600.0	46.04	power	0.2	6	14
1	1	404.24388504	5	3	5	2.33333333333	56.7207	3600.0	40.77	power	0.2	6	15
2	1	411.239061832	5	3	4	2.13333333333	56.7207	3600.0	44.26	power	0.2	6	15
3	1	476.730790138	6	2	3	1.8	56.7207	3600.0	47.31	power	0.2	6	15
4	1	352.676435947	6	3	3	1.8	56.7207	3600.0	45.22	power	0.2	6	15
5	1	357.582730055	5	3	3	1.93333333333	56.7207	3600.0	45.87	power	0.2	6	15
6	1	253.405264139	5	2	4	2.13333333333	56.7207	3600.0	48.17	power	0.2	6	15
7	1	429.800752163	6	3	3	1.73333333333	56.7207	3600.0	47.61	power	0.2	6	15
8	1	409.395045996	5	3	4	2.06666666667	56.7207	3600.0	48.18	power	0.2	6	15
9	1	309.534409046	6	2	4	1.93333333333	56.7207	3600.0	48.42	power	0.2	6	15
10	1	361.598433018	5	3	3	1.86666666667	56.7207	3600.0	48.33	power	0.2	6	15
1	1	519.081185102	6	3	3	1.73333333333	56.7207	3600.0	47.88	power	0.2	6	16
2	1	361.843059063	6	3	3	1.8	56.7207	3600.0	46.28	power	0.2	6	16
3	1	314.114737034	5	3	4	2.06666666667	56.7207	3600.0	44.9	power	0.2	6	16
4	1	384.212778091	6	2	4	1.93333333333	56.7207	3600.0	49.37	power	0.2	6	16
5	1	327.670964003	5	2	5	2.33333333333	56.7207	3600.0	48.4	power	0.2	6	16
6	1	480.032462835	5	2	3	1.86666666667	56.7207	3600.0	49.25	power	0.2	6	16
7	1	316.044147015	5	3	3	1.93333333333	56.7207	3600.0	46.86	power	0.2	6	16
8	1	434.91922307	6	3	3	1.8	56.7207	3600.0	45.82	power	0.2	6	16
9	1	417.367268085	5	3	3	1.93333333333	56.7207	3600.0	45.71	power	0.2	6	16
10	1	556.231091022	5	4	5	2.33333333333	56.7207	3600.0	46.42	power	0.2	6	16
1	cradle	102.045445919	6	2	4	1.86666666667	56.7207	3600.0	44.68	power	0.2	6	12
2	cradle	101.448226213	5	3	5	2.33333333333	56.7207	3600.0	44.88	power	0.2	6	12
3	cradle	78.7962350845	5	2	4	2.13333333333	56.7207	3600.0	46.54	power	0.2	6	12
4	cradle	102.737379074	5	3	5	2.33333333333	56.7207	3600.0	44.13	power	0.2	6	12
5	cradle	123.440002918	5	2	5	2.33333333333	56.7207	3600.0	39.83	power	0.2	6	12
6	cradle	80.0002279282	5	2	4	2.13333333333	56.7207	3600.0	49.97	power	0.2	6	12
7	cradle	105.39597702	5	2	4	2.13333333333	56.7207	3600.0	45.47	power	0.2	6	12
8	cradle	104.888200045	5	3	5	2.33333333333	56.7207	3600.0	45.15	power	0.2	6	12
9	cradle	105.60493803	5	2	4	2.13333333333	56.7207	3600.0	46.17	power	0.2	6	12
10	cradle	107.038752079	7	3	3	1.66666666667	56.7207	3600.0	46.77	power	0.2	6	12
1	cradle	81.6572358608	5	3	5	2.33333333333	56.7207	3600.0	44.13	power	0.2	6	13
2	cradle	107.611356974	5	3	5	2.33333333333	56.7207	3600.0	41.51	power	0.2	6	13
3	cradle	122.958485842	5	2	5	2.33333333333	56.7207	3600.0	41.24	power	0.2	6	13
4	cradle	102.225792885	5	3	5	2.33333333333	56.7207	3600.0	40.77	power	0.2	6	13
5	cradle	102.287255049	6	3	3	1.8	56.7207	3600.0	45.13	power	0.2	6	13
6	cradle	103.339530945	5	3	5	2.33333333333	56.7207	3600.0	44.9	power	0.2	6	13
7	cradle	100.80842185	6	2	4	1.86666666667	56.7207	3600.0	46.98	power	0.2	6	13
8	cradle	102.887859106	5	4	4	2.13333333333	56.7207	3600.0	43.45	power	0.2	6	13
9	cradle	105.240335941	5	3	5	2.33333333333	56.7207	3600.0	40.66	power	0.2	6	13
10	cradle	124.785652161	6	2	4	1.86666666667	56.7207	3600.0	49.17	power	0.2	6	13
1	cradle	107.28290081	5	3	5	2.33333333333	56.7207	3600.0	44.13	power	0.2	6	14
2	cradle	107.455875158	5	3	5	2.33333333333	56.7207	3600.0	41.17	power	0.2	6	14
3	cradle	105.446871996	6	2	4	1.86666666667	56.7207	3600.0	48.21	power	0.2	6	14
4	cradle	101.720099926	5	2	4	2.13333333333	56.7207	3600.0	49.97	power	0.2	6	14
5	cradle	110.910127163	6	2	4	1.86666666667	56.7207	3600.0	48.21	power	0.2	6	14
6	cradle	107.224205971	5	3	5	2.33333333333	56.7207	3600.0	44.39	power	0.2	6	14
7	cradle	110.051002979	7	3	3	1.66666666667	56.7207	3600.0	45.29	power	0.2	6	14
8	cradle	100.598617077	5	2	4	2.13333333333	56.7207	3600.0	45.57	power	0.2	6	14
9	cradle	107.296274185	5	3	5	2.33333333333	56.7207	3600.0	43.83	power	0.2	6	14
10	cradle	108.488668919	6	2	4	1.86666666667	56.7207	3600.0	48.21	power	0.2	6	14
1	cradle	105.217185974	5	3	5	2.33333333333	56.7207	3600.0	40.77	power	0.2	6	15
2	cradle	102.829599857	5	2	5	2.33333333333	56.7207	3600.0	44.22	power	0.2	6	15
3	cradle	127.242485046	5	2	5	2.33333333333	56.7207	3600.0	40.81	power	0.2	6	15
4	cradle	123.366854191	5	4	4	2.13333333333	56.7207	3600.0	44.02	power	0.2	6	15
5	cradle	125.760859013	5	2	4	2.13333333333	56.7207	3600.0	46.83	power	0.2	6	15
6	cradle	103.58810401	6	2	4	1.86666666667	56.7207	3600.0	48.21	power	0.2	6	15
7	cradle	147.561111927	7	3	3	1.66666666667	56.7207	3600.0	46.77	power	0.2	6	15
8	cradle	103.57296586	7	3	3	1.66666666667	56.7207	3600.0	45.29	power	0.2	6	15
9	cradle	124.443990946	6	2	4	1.86666666667	56.7207	3600.0	46.98	power	0.2	6	15
10	cradle	108.385657072	5	4	4	2.13333333333	56.7207	3600.0	44.02	power	0.2	6	15
1	cradle	129.467319965	5	3	5	2.33333333333	56.7207	3600.0	45.15	power	0.2	6	16
2	cradle	107.704305887	5	3	5	2.33333333333	56.7207	3600.0	42.42	power	0.2	6	16
3	cradle	130.754255056	7	3	3	1.66666666667	56.7207	3600.0	46.77	power	0.2	6	16
4	cradle	133.280062914	5	2	4	2.13333333333	56.7207	3600.0	45.47	power	0.2	6	16
5	cradle	126.835963011	5	3	5	2.33333333333	56.7207	3600.0	43.76	power	0.2	6	16
6	cradle	106.660519123	5	3	5	2.33333333333	56.7207	3600.0	41.51	power	0.2	6	16
7	cradle	128.22390008	5	3	5	2.33333333333	56.7207	3600.0	43.64	power	0.2	6	16
8	cradle	125.997366905	5	3	5	2.33333333333	56.7207	3600.0	40.98	power	0.2	6	16
9	cradle	130.58087182	5	3	5	2.33333333333	56.7207	3600.0	40.98	power	0.2	6	16
10	cradle	102.640366077	5	2	4	2.13333333333	56.7207	3600.0	45.57	power	0.2	6	16
1	3	444.510792971	10	4	5	2.38888888889	56.7207	3600.0	48.16	power	0.1	9	12
2	3	518.834588051	8	3	5	2.66666666667	56.7207	3600.0	47.2	power	0.1	9	12
3	3	404.646749973	9	3	5	2.5	56.7207	3600.0	47.8	power	0.1	9	12
4	3	393.272488117	8	3	6	2.88888888889	56.7207	3600.0	49.37	power	0.1	9	12
5	3	616.516000032	8	4	4	2.5	56.7207	3600.0	49.31	power	0.1	9	12
6	3	301.0713799	9	3	6	2.61111111111	56.7207	3600.0	48.97	power	0.1	9	12
7	3	647.849272013	8	3	4	2.5	56.7207	3600.0	49.6	power	0.1	9	12
8	3	211.768368006	8	3	7	3.05555555556	56.7207	3600.0	43.35	power	0.1	9	12
9	3	553.442920923	9	3	4	2.38888888889	56.7207	3600.0	49.12	power	0.1	9	12
10	3	481.26031518	9	3	5	2.44444444444	56.7207	3600.0	48.16	power	0.1	9	12
1	3	298.884469986	8	3	6	2.77777777778	56.7207	3600.0	49.44	power	0.1	9	13
2	3	471.48648715	9	3	4	2.33333333333	56.7207	3600.0	48.17	power	0.1	9	13
3	3	461.630573988	9	3	5	2.55555555556	56.7207	3600.0	47.84	power	0.1	9	13
4	3	342.904303789	10	4	5	2.33333333333	56.7207	3600.0	46.36	power	0.1	9	13
5	3	543.542847157	9	3	5	2.5	56.7207	3600.0	47.81	power	0.1	9	13
6	3	493.530959845	9	3	5	2.5	56.7207	3600.0	46.29	power	0.1	9	13
7	3	582.068965912	8	4	6	2.83333333333	56.7207	3600.0	48.45	power	0.1	9	13
8	3	482.179723978	10	2	5	2.33333333333	56.7207	3600.0	49.13	power	0.1	9	13
9	3	518.708879948	9	4	4	2.38888888889	56.7207	3600.0	46.9	power	0.1	9	13
10	3	232.843257904	11	3	4	2.11111111111	56.7207	3600.0	46.64	power	0.1	9	13
1	3	498.663391113	10	3	5	2.22222222222	56.7207	3600.0	49.26	power	0.1	9	14
2	3	276.991559029	10	2	5	2.27777777778	56.7207	3600.0	49.12	power	0.1	9	14
3	3	487.791594982	8	2	5	2.72222222222	56.7207	3600.0	48.04	power	0.1	9	14
4	3	359.631725073	10	4	5	2.27777777778	56.7207	3600.0	47.2	power	0.1	9	14
5	3	450.411983013	10	4	5	2.27777777778	56.7207	3600.0	48.42	power	0.1	9	14
6	3	505.830343962	10	3	5	2.27777777778	56.7207	3600.0	49.18	power	0.1	9	14
7	3	494.453545809	9	3	5	2.5	56.7207	3600.0	47.95	power	0.1	9	14
8	3	436.811231136	8	2	5	2.55555555556	56.7207	3600.0	48.8	power	0.1	9	14
9	3	686.473992109	8	4	6	2.72222222222	56.7207	3600.0	49.22	power	0.1	9	14
10	3	443.931815863	9	3	6	2.66666666667	56.7207	3600.0	48.13	power	0.1	9	14
1	3	406.586158991	8	4	7	3.16666666667	56.7207	3600.0	43.82	power	0.1	9	15
2	3	428.062862158	9	3	5	2.38888888889	56.7207	3600.0	48.36	power	0.1	9	15
3	3	429.813022137	9	3	5	2.33333333333	56.7207	3600.0	46.62	power	0.1	9	15
4	3	569.116777897	9	2	5	2.44444444444	56.7207	3600.0	49.31	power	0.1	9	15
5	3	502.003473997	9	3	4	2.27777777778	56.7207	3600.0	48.65	power	0.1	9	15
6	3	285.742532015	9	3	5	2.38888888889	56.7207	3600.0	47.41	power	0.1	9	15
7	3	299.956660986	9	3	4	2.33333333333	56.7207	3600.0	48.5	power	0.1	9	15
8	3	488.181174994	9	2	6	2.66666666667	56.7207	3600.0	47.81	power	0.1	9	15
9	3	443.885258913	8	5	7	3.0	56.7207	3600.0	46.04	power	0.1	9	15
10	3	292.379987001	10	3	5	2.33333333333	56.7207	3600.0	48.54	power	0.1	9	15
1	3	564.838020086	8	3	6	2.88888888889	56.7207	3600.0	44.6	power	0.1	9	16
2	3	478.166512012	10	2	4	2.22222222222	56.7207	3600.0	47.73	power	0.1	9	16
3	3	592.178143024	9	3	6	2.61111111111	56.7207	3600.0	46.13	power	0.1	9	16
4	3	646.590417862	8	5	6	2.72222222222	56.7207	3600.0	49.8	power	0.1	9	16
5	3	313.196862936	8	3	5	2.66666666667	56.7207	3600.0	48.83	power	0.1	9	16
6	3	575.368996143	9	5	5	2.38888888889	56.7207	3600.0	44.46	power	0.1	9	16
7	3	581.131345987	10	5	5	2.33333333333	56.7207	3600.0	46.14	power	0.1	9	16
8	3	660.215352058	9	4	6	2.55555555556	56.7207	3600.0	48.22	power	0.1	9	16
9	3	252.847764969	8	2	6	2.66666666667	56.7207	3600.0	47.87	power	0.1	9	16
10	3	550.171860933	9	4	5	2.33333333333	56.7207	3600.0	47.87	power	0.1	9	16
1	2	370.544418097	10	3	4	2.22222222222	56.7207	3600.0	48.13	power	0.1	9	12
2	2	335.868825912	9	3	4	2.38888888889	56.7207	3600.0	48.59	power	0.1	9	12
3	2	537.779409885	10	3	5	2.27777777778	56.7207	3600.0	49.2	power	0.1	9	12
4	2	404.02822113	8	3	5	2.66666666667	56.7207	3600.0	47.28	power	0.1	9	12
5	2	422.888180017	8	4	6	2.88888888889	56.7207	3600.0	44.19	power	0.1	9	12
6	2	585.123728991	8	5	6	2.83333333333	56.7207	3600.0	46.82	power	0.1	9	12
7	2	593.769949913	8	3	6	2.77777777778	56.7207	3600.0	46.93	power	0.1	9	12
8	2	364.056365967	10	3	4	2.22222222222	56.7207	3600.0	49.98	power	0.1	9	12
9	2	593.967756987	10	3	4	2.22222222222	56.7207	3600.0	47.96	power	0.1	9	12
10	2	567.934746981	8	3	6	2.72222222222	56.7207	3600.0	48.29	power	0.1	9	12
1	2	510.153214931	9	4	5	2.5	56.7207	3600.0	49.32	power	0.1	9	13
2	2	636.342284918	9	3	5	2.38888888889	56.7207	3600.0	48.88	power	0.1	9	13
3	2	332.707991838	8	3	6	2.83333333333	56.7207	3600.0	46.72	power	0.1	9	13
4	2	605.312448978	9	4	6	2.66666666667	56.7207	3600.0	44.19	power	0.1	9	13
5	2	558.32425499	8	4	6	2.88888888889	56.7207	3600.0	47.08	power	0.1	9	13
6	2	407.062449932	8	4	6	2.83333333333	56.7207	3600.0	48.54	power	0.1	9	13
7	2	600.52578187	10	3	5	2.22222222222	56.7207	3600.0	49.1	power	0.1	9	13
8	2	492.349663019	10	3	5	2.33333333333	56.7207	3600.0	46.61	power	0.1	9	13
9	2	492.100497007	11	2	4	2.11111111111	56.7207	3600.0	48.87	power	0.1	9	13
10	2	687.694494009	11	3	4	2.11111111111	56.7207	3600.0	48.59	power	0.1	9	13
1	2	612.41723609	10	3	4	2.16666666667	56.7207	3600.0	48.26	power	0.1	9	14
2	2	614.639640093	9	3	6	2.66666666667	56.7207	3600.0	47.3	power	0.1	9	14
3	2	404.450839043	8	3	6	2.72222222222	56.7207	3600.0	44.52	power	0.1	9	14
4	2	485.328916788	8	5	7	3.0	56.7207	3600.0	45.25	power	0.1	9	14
5	2	396.586910009	9	3	5	2.44444444444	56.7207	3600.0	48.32	power	0.1	9	14
6	2	590.011606216	8	3	6	2.77777777778	56.7207	3600.0	49.86	power	0.1	9	14
7	2	710.15570879	9	3	5	2.55555555556	56.7207	3600.0	48.2	power	0.1	9	14
8	2	435.080242157	8	4	6	2.83333333333	56.7207	3600.0	47.21	power	0.1	9	14
9	2	620.605000973	8	3	7	3.05555555556	56.7207	3600.0	44.03	power	0.1	9	14
10	2	457.481898069	8	3	6	2.83333333333	56.7207	3600.0	46.47	power	0.1	9	14
1	2	806.517138958	8	3	5	2.61111111111	56.7207	3600.0	47.42	power	0.1	9	15
2	2	842.266622066	11	3	5	2.16666666667	56.7207	3600.0	48.46	power	0.1	9	15
3	2	503.889827967	10	4	5	2.27777777778	56.7207	3600.0	43.7	power	0.1	9	15
4	2	963.365957975	10	3	4	2.11111111111	56.7207	3600.0	49.57	power	0.1	9	15
5	2	760.211899996	8	4	6	2.77777777778	56.7207	3600.0	45.12	power	0.1	9	15
6	2	691.504339933	10	4	5	2.38888888889	56.7207	3600.0	45.82	power	0.1	9	15
7	2	843.725571871	8	3	5	2.55555555556	56.7207	3600.0	47.46	power	0.1	9	15
8	2	409.172259092	9	3	5	2.5	56.7207	3600.0	47.57	power	0.1	9	15
9	2	686.595031023	9	3	6	2.61111111111	56.7207	3600.0	48.2	power	0.1	9	15
10	2	521.450997114	8	4	5	2.66666666667	56.7207	3600.0	45.14	power	0.1	9	15
1	2	646.23593998	9	3	6	2.61111111111	56.7207	3600.0	44.92	power	0.1	9	16
2	2	634.353026867	10	3	5	2.33333333333	56.7207	3600.0	47.34	power	0.1	9	16
3	2	615.726218939	10	3	4	2.16666666667	56.7207	3600.0	47.44	power	0.1	9	16
4	2	567.644434929	8	4	5	2.66666666667	56.7207	3600.0	45.09	power	0.1	9	16
5	2	535.680360794	11	3	4	2.11111111111	56.7207	3600.0	49.72	power	0.1	9	16
6	2	682.37620306	10	5	5	2.38888888889	56.7207	3600.0	45.91	power	0.1	9	16
7	2	363.205431938	8	2	5	2.61111111111	56.7207	3600.0	48.72	power	0.1	9	16
8	2	469.085142136	10	3	5	2.33333333333	56.7207	3600.0	48.01	power	0.1	9	16
9	2	435.803837061	8	3	5	2.55555555556	56.7207	3600.0	46.14	power	0.1	9	16
10	2	714.316628933	9	4	6	2.66666666667	56.7207	3600.0	45.73	power	0.1	9	16
1	1	898.180301905	10	4	5	2.22222222222	56.7207	3600.0	46.37	power	0.1	9	12
2	1	524.438446999	10	3	5	2.27777777778	56.7207	3600.0	47.8	power	0.1	9	12
3	1	1077.22476006	8	3	5	2.61111111111	56.7207	3600.0	47.06	power	0.1	9	12
4	1	672.990165949	9	3	5	2.5	56.7207	3600.0	46.86	power	0.1	9	12
5	1	1291.53249002	10	3	5	2.27777777778	56.7207	3600.0	46.81	power	0.1	9	12
6	1	671.883738995	9	3	5	2.38888888889	56.7207	3600.0	48.52	power	0.1	9	12
7	1	772.714380026	10	3	4	2.16666666667	56.7207	3600.0	49.12	power	0.1	9	12
8	1	1211.65540004	10	3	5	2.33333333333	56.7207	3600.0	47.49	power	0.1	9	12
9	1	562.261576176	8	3	7	3.0	56.7207	3600.0	44.64	power	0.1	9	12
10	1	671.519448996	9	3	6	2.66666666667	56.7207	3600.0	48.57	power	0.1	9	12
1	1	1036.49643588	9	4	5	2.44444444444	56.7207	3600.0	47.12	power	0.1	9	13
2	1	1424.72634411	9	3	6	2.77777777778	56.7207	3600.0	45.32	power	0.1	9	13
3	1	858.929902077	10	3	4	2.22222222222	56.7207	3600.0	49.26	power	0.1	9	13
4	1	620.785295963	10	3	5	2.33333333333	56.7207	3600.0	47.25	power	0.1	9	13
5	1	1096.97110701	11	3	4	2.11111111111	56.7207	3600.0	48.46	power	0.1	9	13
6	1	1016.36826706	9	4	5	2.5	56.7207	3600.0	44.99	power	0.1	9	13
7	1	1460.88578796	10	3	5	2.27777777778	56.7207	3600.0	48.07	power	0.1	9	13
8	1	644.406724215	9	3	5	2.5	56.7207	3600.0	46.31	power	0.1	9	13
9	1	1132.59071898	9	4	5	2.5	56.7207	3600.0	49.22	power	0.1	9	13
10	1	1139.63911796	8	3	6	2.83333333333	56.7207	3600.0	47.2	power	0.1	9	13
1	1	582.869699955	8	3	7	3.0	56.7207	3600.0	45.13	power	0.1	9	14
2	1	722.683764219	8	3	5	2.55555555556	56.7207	3600.0	47.61	power	0.1	9	14
3	1	1087.58504891	9	4	5	2.5	56.7207	3600.0	48.92	power	0.1	9	14
4	1	898.15755415	9	4	6	2.66666666667	56.7207	3600.0	45.09	power	0.1	9	14
5	1	1080.1272428	8	4	6	2.72222222222	56.7207	3600.0	44.95	power	0.1	9	14
6	1	1079.52802181	10	4	5	2.27777777778	56.7207	3600.0	46.57	power	0.1	9	14
7	1	617.498170853	9	3	5	2.38888888889	56.7207	3600.0	46.1	power	0.1	9	14
8	1	729.997526884	9	3	4	2.27777777778	56.7207	3600.0	46.96	power	0.1	9	14
9	1	775.039741039	10	3	4	2.22222222222	56.7207	3600.0	48.52	power	0.1	9	14
10	1	1437.13062286	9	4	4	2.33333333333	56.7207	3600.0	49.52	power	0.1	9	14
1	1	864.189637899	9	3	6	2.66666666667	56.7207	3600.0	46.55	power	0.1	9	15
2	1	1511.22098398	9	3	5	2.55555555556	56.7207	3600.0	47.61	power	0.1	9	15
3	1	1308.852561	9	3	5	2.5	56.7207	3600.0	47.71	power	0.1	9	15
4	1	1214.91818881	10	3	5	2.38888888889	56.7207	3600.0	47.02	power	0.1	9	15
5	1	1024.79367495	9	3	5	2.5	56.7207	3600.0	45.93	power	0.1	9	15
6	1	1562.59395385	8	6	6	2.83333333333	56.7207	3600.0	40.68	power	0.1	9	15
7	1	877.896574974	9	3	7	2.88888888889	56.7207	3600.0	46.08	power	0.1	9	15
8	1	520.013525009	9	2	6	2.61111111111	56.7207	3600.0	46.44	power	0.1	9	15
9	1	814.418909788	9	3	6	2.66666666667	56.7207	3600.0	47.5	power	0.1	9	15
10	1	891.932373047	8	4	5	2.66666666667	56.7207	3600.0	47.22	power	0.1	9	15
1	1	642.507956982	8	3	6	2.77777777778	56.7207	3600.0	46.09	power	0.1	9	16
2	1	915.192255974	9	3	5	2.38888888889	56.7207	3600.0	47.35	power	0.1	9	16
3	1	872.862063885	10	2	5	2.27777777778	56.7207	3600.0	48.39	power	0.1	9	16
4	1	886.630401134	9	4	6	2.61111111111	56.7207	3600.0	45.01	power	0.1	9	16
5	1	1164.77113914	8	4	5	2.66666666667	56.7207	3600.0	45.38	power	0.1	9	16
6	1	844.827666998	9	3	6	2.61111111111	56.7207	3600.0	45.9	power	0.1	9	16
7	1	1438.02804279	9	3	5	2.33333333333	56.7207	3600.0	46.76	power	0.1	9	16
8	1	1658.52870417	10	3	4	2.16666666667	56.7207	3600.0	47.35	power	0.1	9	16
9	1	805.219851017	8	3	6	2.72222222222	56.7207	3600.0	46.01	power	0.1	9	16
10	1	1171.51962399	10	4	6	2.44444444444	56.7207	3600.0	46.27	power	0.1	9	16
1	cradle	199.659216166	8	2	6	2.66666666667	56.7207	3600.0	48.85	power	0.1	9	12
2	cradle	252.070558071	8	3	7	3.0	56.7207	3600.0	44.66	power	0.1	9	12
3	cradle	182.712095022	8	3	7	3.0	56.7207	3600.0	45.85	power	0.1	9	12
4	cradle	203.214359999	11	3	5	2.16666666667	56.7207	3600.0	47.11	power	0.1	9	12
5	cradle	439.268932104	10	3	6	2.55555555556	56.7207	3600.0	47.32	power	0.1	9	12
6	cradle	296.828658104	8	3	7	3.0	56.7207	3600.0	46.18	power	0.1	9	12
7	cradle	158.318807125	9	3	5	2.55555555556	56.7207	3600.0	45.72	power	0.1	9	12
8	cradle	400.207560062	8	4	8	3.33333333333	56.7207	3600.0	39.7	power	0.1	9	12
9	cradle	305.30200696	8	4	7	3.16666666667	56.7207	3600.0	42.9	power	0.1	9	12
10	cradle	441.098556995	10	3	5	2.38888888889	56.7207	3600.0	45.11	power	0.1	9	12
1	cradle	228.471359015	10	4	6	2.55555555556	56.7207	3600.0	45.68	power	0.1	9	13
2	cradle	207.669476032	8	3	7	3.16666666667	56.7207	3600.0	41.85	power	0.1	9	13
3	cradle	262.371428013	8	5	5	2.66666666667	56.7207	3600.0	43.84	power	0.1	9	13
4	cradle	314.71926713	8	4	6	2.83333333333	56.7207	3600.0	45.08	power	0.1	9	13
5	cradle	286.813598156	8	4	7	3.16666666667	56.7207	3600.0	44.25	power	0.1	9	13
6	cradle	449.343531847	8	3	8	3.33333333333	56.7207	3600.0	45.4	power	0.1	9	13
7	cradle	231.182471037	8	3	7	3.0	56.7207	3600.0	46.64	power	0.1	9	13
8	cradle	228.590003014	8	3	8	3.33333333333	56.7207	3600.0	43.44	power	0.1	9	13
9	cradle	301.586085081	10	5	5	2.38888888889	56.7207	3600.0	45.73	power	0.1	9	13
10	cradle	476.319246054	8	3	6	2.83333333333	56.7207	3600.0	48.28	power	0.1	9	13
1	cradle	423.988855124	8	2	6	2.66666666667	56.7207	3600.0	47.97	power	0.1	9	14
2	cradle	448.772423029	10	4	6	2.55555555556	56.7207	3600.0	42.13	power	0.1	9	14
3	cradle	2022.97994614	0	0	0	0	0	0	0	power	0.1	9	14
4	cradle	1817.02901006	0	0	0	0	0	0	0	power	0.1	9	14
5	cradle	395.003488779	9	3	5	2.55555555556	56.7207	3600.0	48.17	power	0.1	9	14
6	cradle	261.218895912	10	3	6	2.55555555556	56.7207	3600.0	46.27	power	0.1	9	14
7	cradle	207.651674986	10	3	5	2.38888888889	56.7207	3600.0	47.24	power	0.1	9	14
8	cradle	260.797490835	10	3	6	2.55555555556	56.7207	3600.0	44.56	power	0.1	9	14
9	cradle	317.625722885	9	4	5	2.5	56.7207	3600.0	46.44	power	0.1	9	14
10	cradle	210.327510834	9	2	6	2.55555555556	56.7207	3600.0	44.61	power	0.1	9	14
1	cradle	14768.7258298	0	0	0	0	0	0	0	power	0.1	9	15
2	cradle	454.488605976	8	2	6	2.66666666667	56.7207	3600.0	47.92	power	0.1	9	15
3	cradle	280.595649004	8	3	8	3.33333333333	56.7207	3600.0	43.85	power	0.1	9	15
4	cradle	205.742302895	8	3	7	3.0	56.7207	3600.0	48.7	power	0.1	9	15
5	cradle	285.334547997	12	4	4	2.0	56.7207	3600.0	45.04	power	0.1	9	15
6	cradle	394.974911213	9	3	7	2.88888888889	56.7207	3600.0	49.39	power	0.1	9	15
7	cradle	286.53726387	8	3	7	3.0	56.7207	3600.0	45.81	power	0.1	9	15
8	cradle	868.794680119	9	4	6	2.55555555556	56.7207	3600.0	48.03	power	0.1	9	15
9	cradle	310.484979868	8	3	8	3.33333333333	56.7207	3600.0	47.01	power	0.1	9	15
10	cradle	277.832649946	8	3	8	3.33333333333	56.7207	3600.0	48.43	power	0.1	9	15
1	cradle	2713.164186	0	0	0	0	0	0	0	power	0.1	9	16
2	cradle	368.458734989	8	3	6	2.83333333333	56.7207	3600.0	43.14	power	0.1	9	16
3	cradle	252.585972071	9	2	5	2.5	56.7207	3600.0	47.67	power	0.1	9	16
4	cradle	450.89186883	9	2	7	2.88888888889	56.7207	3600.0	44.73	power	0.1	9	16
5	cradle	471.026040077	10	2	6	2.44444444444	56.7207	3600.0	49.53	power	0.1	9	16
6	cradle	256.274643898	9	2	6	2.77777777778	56.7207	3600.0	44.69	power	0.1	9	16
7	cradle	337.685300112	8	3	7	3.0	56.7207	3600.0	45.82	power	0.1	9	16
8	cradle	284.296544075	8	3	8	3.33333333333	56.7207	3600.0	40.6	power	0.1	9	16
9	cradle	313.913392067	8	4	8	3.33333333333	56.7207	3600.0	47.82	power	0.1	9	16
10	cradle	255.708756924	9	2	6	2.55555555556	56.7207	3600.0	48.01	power	0.1	9	16
1	3	192.800834179	6	3	3	1.8	56.7207	3600.0	43.4	power	0.1	6	12
2	3	103.293179035	5	2	3	1.86666666667	56.7207	3600.0	47.12	power	0.1	6	12
3	3	168.303992987	5	3	5	2.33333333333	56.7207	3600.0	40.91	power	0.1	6	12
4	3	104.66804409	6	2	3	1.8	56.7207	3600.0	45.48	power	0.1	6	12
5	3	103.667325974	5	4	5	2.33333333333	56.7207	3600.0	43.56	power	0.1	6	12
6	3	193.175503016	5	2	4	2.13333333333	56.7207	3600.0	44.35	power	0.1	6	12
7	3	83.4127550125	6	2	3	1.73333333333	56.7207	3600.0	44.35	power	0.1	6	12
8	3	146.343810797	5	3	5	2.33333333333	56.7207	3600.0	44.29	power	0.1	6	12
9	3	80.1236050129	5	3	4	2.06666666667	56.7207	3600.0	47.28	power	0.1	6	12
10	3	102.013473034	5	3	4	2.06666666667	56.7207	3600.0	41.92	power	0.1	6	12
1	3	134.044414997	5	5	5	2.33333333333	56.7207	3600.0	40.88	power	0.1	6	13
2	3	126.528404951	7	3	3	1.66666666667	56.7207	3600.0	44.16	power	0.1	6	13
3	3	130.839637041	5	3	4	2.13333333333	56.7207	3600.0	42.23	power	0.1	6	13
4	3	124.840141058	5	3	5	2.33333333333	56.7207	3600.0	44.29	power	0.1	6	13
5	3	127.770689964	5	3	3	1.93333333333	56.7207	3600.0	43.52	power	0.1	6	13
6	3	124.911527872	5	2	5	2.33333333333	56.7207	3600.0	43.45	power	0.1	6	13
7	3	109.912420988	5	3	4	2.06666666667	56.7207	3600.0	45.68	power	0.1	6	13
8	3	122.799528837	5	3	4	2.06666666667	56.7207	3600.0	46.35	power	0.1	6	13
9	3	124.67868495	6	2	3	1.73333333333	56.7207	3600.0	46.6	power	0.1	6	13
10	3	123.972660065	5	3	4	2.06666666667	56.7207	3600.0	42.36	power	0.1	6	13
1	3	134.053198099	5	3	4	2.13333333333	56.7207	3600.0	40.93	power	0.1	6	14
2	3	147.031110048	6	2	3	1.73333333333	56.7207	3600.0	46.36	power	0.1	6	14
3	3	197.418756008	5	2	4	2.13333333333	56.7207	3600.0	43.81	power	0.1	6	14
4	3	151.036276817	5	2	4	2.13333333333	56.7207	3600.0	46.55	power	0.1	6	14
5	3	195.938325882	5	3	4	2.06666666667	56.7207	3600.0	42.46	power	0.1	6	14
6	3	109.230962992	5	3	4	2.06666666667	56.7207	3600.0	45.52	power	0.1	6	14
7	3	130.892205954	5	4	4	2.13333333333	56.7207	3600.0	41.17	power	0.1	6	14
8	3	101.234263182	6	3	3	1.8	56.7207	3600.0	43.19	power	0.1	6	14
9	3	127.983705044	6	3	4	1.93333333333	56.7207	3600.0	47.82	power	0.1	6	14
10	3	108.758929968	5	3	4	2.13333333333	56.7207	3600.0	43.41	power	0.1	6	14
1	3	129.756839991	6	3	3	1.8	56.7207	3600.0	43.4	power	0.1	6	15
2	3	109.982450962	5	2	4	2.13333333333	56.7207	3600.0	44.35	power	0.1	6	15
3	3	129.185808897	5	3	5	2.33333333333	56.7207	3600.0	46.47	power	0.1	6	15
4	3	156.425017834	5	2	5	2.33333333333	56.7207	3600.0	41.6	power	0.1	6	15
5	3	125.769299984	5	3	4	2.06666666667	56.7207	3600.0	44.46	power	0.1	6	15
6	3	123.536422968	5	3	3	1.86666666667	56.7207	3600.0	42.74	power	0.1	6	15
7	3	131.885107994	5	3	4	2.06666666667	56.7207	3600.0	41.78	power	0.1	6	15
8	3	150.939233065	5	2	5	2.33333333333	56.7207	3600.0	41.93	power	0.1	6	15
9	3	108.712548971	5	3	4	2.13333333333	56.7207	3600.0	41.93	power	0.1	6	15
10	3	172.405647993	5	3	4	2.06666666667	56.7207	3600.0	41.55	power	0.1	6	15
1	3	154.806315899	5	2	3	1.86666666667	56.7207	3600.0	47.17	power	0.1	6	16
2	3	127.714816093	5	3	4	2.13333333333	56.7207	3600.0	40.99	power	0.1	6	16
3	3	129.662580967	5	3	4	2.06666666667	56.7207	3600.0	44.65	power	0.1	6	16
4	3	190.958123207	5	3	4	2.13333333333	56.7207	3600.0	45.05	power	0.1	6	16
5	3	127.669705868	6	2	3	1.73333333333	56.7207	3600.0	46.6	power	0.1	6	16
6	3	181.240735054	5	2	5	2.33333333333	56.7207	3600.0	42.59	power	0.1	6	16
7	3	134.812825918	5	3	4	2.06666666667	56.7207	3600.0	41.93	power	0.1	6	16
8	3	151.737624168	7	3	3	1.66666666667	56.7207	3600.0	43.23	power	0.1	6	16
9	3	151.961327076	5	3	4	2.06666666667	56.7207	3600.0	40.82	power	0.1	6	16
10	3	132.717518091	5	4	4	2.06666666667	56.7207	3600.0	40.18	power	0.1	6	16
1	2	187.708477974	7	3	3	1.66666666667	56.7207	3600.0	43.23	power	0.1	6	12
2	2	199.282969952	5	3	3	1.93333333333	56.7207	3600.0	44.21	power	0.1	6	12
3	2	176.301493883	5	2	4	2.13333333333	56.7207	3600.0	46.9	power	0.1	6	12
4	2	246.736915112	5	3	4	2.06666666667	56.7207	3600.0	44.62	power	0.1	6	12
5	2	175.158682823	5	2	5	2.33333333333	56.7207	3600.0	43.8	power	0.1	6	12
6	2	178.377115011	6	2	4	1.86666666667	56.7207	3600.0	46.14	power	0.1	6	12
7	2	229.565853119	5	4	5	2.33333333333	56.7207	3600.0	45.05	power	0.1	6	12
8	2	180.278381109	5	3	3	1.93333333333	56.7207	3600.0	44.21	power	0.1	6	12
9	2	159.690417051	5	2	5	2.33333333333	56.7207	3600.0	42.32	power	0.1	6	12
10	2	153.751222849	5	3	5	2.33333333333	56.7207	3600.0	40.98	power	0.1	6	12
1	2	212.992187977	5	3	3	1.86666666667	56.7207	3600.0	42.88	power	0.1	6	13
2	2	179.393701792	6	3	4	1.93333333333	56.7207	3600.0	43.96	power	0.1	6	13
3	2	202.937465191	6	2	3	1.8	56.7207	3600.0	45.86	power	0.1	6	13
4	2	220.46146822	5	3	3	1.86666666667	56.7207	3600.0	44.98	power	0.1	6	13
5	2	228.993847132	5	4	4	2.13333333333	56.7207	3600.0	42.25	power	0.1	6	13
6	2	226.13941288	5	3	5	2.33333333333	56.7207	3600.0	40.73	power	0.1	6	13
7	2	157.281723976	5	2	4	2.06666666667	56.7207	3600.0	43.06	power	0.1	6	13
8	2	177.514219046	5	2	4	2.06666666667	56.7207	3600.0	42.74	power	0.1	6	13
9	2	204.535157919	5	3	4	2.13333333333	56.7207	3600.0	43.47	power	0.1	6	13
10	2	204.357014894	5	3	4	2.06666666667	56.7207	3600.0	44.14	power	0.1	6	13
1	2	200.4368999	5	2	5	2.33333333333	56.7207	3600.0	46.72	power	0.1	6	14
2	2	343.359549046	6	3	3	1.8	56.7207	3600.0	42.11	power	0.1	6	14
3	2	201.366318941	6	2	3	1.73333333333	56.7207	3600.0	46.36	power	0.1	6	14
4	2	182.052356005	5	3	4	2.13333333333	56.7207	3600.0	42.83	power	0.1	6	14
5	2	232.387312174	6	3	3	1.8	56.7207	3600.0	44.01	power	0.1	6	14
6	2	335.475927114	5	4	4	2.06666666667	56.7207	3600.0	41.5	power	0.1	6	14
7	2	238.239768982	5	4	5	2.33333333333	56.7207	3600.0	39.29	power	0.1	6	14
8	2	231.198484898	5	3	4	2.13333333333	56.7207	3600.0	41.09	power	0.1	6	14
9	2	225.707274914	5	3	5	2.33333333333	56.7207	3600.0	42.19	power	0.1	6	14
10	2	257.089646816	5	3	4	2.13333333333	56.7207	3600.0	42.12	power	0.1	6	14
1	2	258.778203011	6	3	4	1.93333333333	56.7207	3600.0	44.88	power	0.1	6	15
2	2	232.407555103	6	2	3	1.73333333333	56.7207	3600.0	47.11	power	0.1	6	15
3	2	297.164157152	5	2	4	2.13333333333	56.7207	3600.0	42.17	power	0.1	6	15
4	2	231.532938004	5	3	5	2.33333333333	56.7207	3600.0	41.32	power	0.1	6	15
5	2	254.861916065	5	3	3	1.86666666667	56.7207	3600.0	44.39	power	0.1	6	15
6	2	316.893857002	6	3	3	1.73333333333	56.7207	3600.0	45.16	power	0.1	6	15
7	2	279.168927193	5	3	4	2.06666666667	56.7207	3600.0	40.99	power	0.1	6	15
8	2	234.912945032	5	2	4	2.13333333333	56.7207	3600.0	43.7	power	0.1	6	15
9	2	282.024775982	5	4	4	2.06666666667	56.7207	3600.0	41.83	power	0.1	6	15
10	2	283.577623844	5	3	4	2.06666666667	56.7207	3600.0	45.71	power	0.1	6	15
1	2	258.159306049	5	3	4	2.06666666667	56.7207	3600.0	43.16	power	0.1	6	16
2	2	282.277957916	5	3	4	2.06666666667	56.7207	3600.0	48.43	power	0.1	6	16
3	2	208.190890074	6	2	3	1.73333333333	56.7207	3600.0	46.36	power	0.1	6	16
4	2	279.370861053	5	3	4	2.13333333333	56.7207	3600.0	41.62	power	0.1	6	16
5	2	276.864552021	6	3	4	1.93333333333	56.7207	3600.0	45.99	power	0.1	6	16
6	2	210.293388844	6	3	3	1.8	56.7207	3600.0	43.19	power	0.1	6	16
7	2	263.965423822	5	4	4	2.13333333333	56.7207	3600.0	42.07	power	0.1	6	16
8	2	202.754364967	5	2	4	2.13333333333	56.7207	3600.0	44.28	power	0.1	6	16
9	2	266.931151867	6	3	4	1.93333333333	56.7207	3600.0	45.02	power	0.1	6	16
10	2	206.857865095	5	2	5	2.33333333333	56.7207	3600.0	44.39	power	0.1	6	16
1	1	291.104340076	5	4	4	2.06666666667	56.7207	3600.0	40.18	power	0.1	6	12
2	1	325.489034176	5	3	4	2.13333333333	56.7207	3600.0	43.17	power	0.1	6	12
3	1	389.143919945	5	4	4	2.13333333333	56.7207	3600.0	40.03	power	0.1	6	12
4	1	295.354768991	5	3	4	2.13333333333	56.7207	3600.0	41.86	power	0.1	6	12
5	1	230.098683834	6	3	3	1.8	56.7207	3600.0	43.07	power	0.1	6	12
6	1	230.478982925	5	3	5	2.33333333333	56.7207	3600.0	42.08	power	0.1	6	12
7	1	416.08874917	5	4	4	2.13333333333	56.7207	3600.0	41.29	power	0.1	6	12
8	1	237.126292944	5	3	4	2.13333333333	56.7207	3600.0	46.81	power	0.1	6	12
9	1	294.600415945	5	3	4	2.06666666667	56.7207	3600.0	41.13	power	0.1	6	12
10	1	314.476672888	6	3	3	1.8	56.7207	3600.0	43.9	power	0.1	6	12
1	1	281.989772081	5	2	4	2.13333333333	56.7207	3600.0	44.35	power	0.1	6	13
2	1	254.507758856	5	3	4	2.13333333333	56.7207	3600.0	43.19	power	0.1	6	13
3	1	314.27233696	5	3	4	2.06666666667	56.7207	3600.0	42.99	power	0.1	6	13
4	1	294.769253016	7	3	3	1.66666666667	56.7207	3600.0	42.33	power	0.1	6	13
5	1	286.679999113	5	3	3	1.86666666667	56.7207	3600.0	42.7	power	0.1	6	13
6	1	276.92995882	5	3	5	2.33333333333	56.7207	3600.0	42.22	power	0.1	6	13
7	1	351.000039816	5	3	5	2.33333333333	56.7207	3600.0	44.21	power	0.1	6	13
8	1	254.358457088	5	2	5	2.33333333333	56.7207	3600.0	42.09	power	0.1	6	13
9	1	296.977050066	6	3	3	1.8	56.7207	3600.0	44.11	power	0.1	6	13
10	1	368.376293182	6	3	3	1.73333333333	56.7207	3600.0	45.03	power	0.1	6	13
1	1	257.165440798	5	3	4	2.06666666667	56.7207	3600.0	41.84	power	0.1	6	14
2	1	265.900007963	5	3	4	2.13333333333	56.7207	3600.0	42.89	power	0.1	6	14
3	1	239.968858957	5	3	4	2.13333333333	56.7207	3600.0	41.23	power	0.1	6	14
4	1	305.723544836	6	3	3	1.8	56.7207	3600.0	44.08	power	0.1	6	14
5	1	258.513973951	5	3	3	1.93333333333	56.7207	3600.0	43.27	power	0.1	6	14
6	1	364.527235985	5	3	4	2.13333333333	56.7207	3600.0	46.52	power	0.1	6	14
7	1	210.952084064	6	2	4	1.86666666667	56.7207	3600.0	44.38	power	0.1	6	14
8	1	285.267132998	5	3	4	2.13333333333	56.7207	3600.0	43.47	power	0.1	6	14
9	1	302.434458017	6	3	4	1.93333333333	56.7207	3600.0	42.19	power	0.1	6	14
10	1	237.884150982	5	3	3	1.86666666667	56.7207	3600.0	44.17	power	0.1	6	14
1	1	283.090700865	5	2	4	2.13333333333	56.7207	3600.0	43.25	power	0.1	6	15
2	1	352.874956846	5	3	4	2.06666666667	56.7207	3600.0	45.82	power	0.1	6	15
3	1	310.254426956	5	3	3	1.86666666667	56.7207	3600.0	46.97	power	0.1	6	15
4	1	283.830371857	5	3	4	2.06666666667	56.7207	3600.0	42.68	power	0.1	6	15
5	1	413.145495892	6	3	3	1.8	56.7207	3600.0	42.11	power	0.1	6	15
6	1	426.693047047	5	3	4	2.06666666667	56.7207	3600.0	42.55	power	0.1	6	15
7	1	499.652274132	5	4	5	2.33333333333	56.7207	3600.0	41.28	power	0.1	6	15
8	1	356.692017078	5	3	5	2.33333333333	56.7207	3600.0	43.36	power	0.1	6	15
9	1	362.193034172	5	3	4	2.06666666667	56.7207	3600.0	41.93	power	0.1	6	15
10	1	352.999139071	5	3	5	2.33333333333	56.7207	3600.0	42.7	power	0.1	6	15
1	1	433.176531076	5	3	3	1.86666666667	56.7207	3600.0	42.89	power	0.1	6	16
2	1	382.228206873	5	4	5	2.33333333333	56.7207	3600.0	41.37	power	0.1	6	16
3	1	443.384117126	5	3	4	2.06666666667	56.7207	3600.0	49.67	power	0.1	6	16
4	1	425.581194878	5	4	4	2.06666666667	56.7207	3600.0	42.61	power	0.1	6	16
5	1	428.216497183	5	3	3	1.93333333333	56.7207	3600.0	44.4	power	0.1	6	16
6	1	402.395582914	5	2	3	1.86666666667	56.7207	3600.0	47.17	power	0.1	6	16
7	1	284.324649096	6	2	4	1.93333333333	56.7207	3600.0	43.15	power	0.1	6	16
8	1	367.130270958	5	3	5	2.33333333333	56.7207	3600.0	42.13	power	0.1	6	16
9	1	361.827223063	5	3	4	2.06666666667	56.7207	3600.0	44.41	power	0.1	6	16
10	1	284.410331964	5	2	4	2.13333333333	56.7207	3600.0	44.16	power	0.1	6	16
1	cradle	104.51491785	5	3	5	2.33333333333	56.7207	3600.0	41.27	power	0.1	6	12
2	cradle	99.8999080658	5	2	4	2.13333333333	56.7207	3600.0	42.83	power	0.1	6	12
3	cradle	104.886594057	5	3	5	2.33333333333	56.7207	3600.0	42.49	power	0.1	6	12
4	cradle	77.3906478882	5	2	5	2.33333333333	56.7207	3600.0	40.99	power	0.1	6	12
5	cradle	124.534970999	5	3	5	2.33333333333	56.7207	3600.0	43.9	power	0.1	6	12
6	cradle	79.272949934	5	2	5	2.33333333333	56.7207	3600.0	40.86	power	0.1	6	12
7	cradle	122.899117947	5	2	4	2.13333333333	56.7207	3600.0	42.83	power	0.1	6	12
8	cradle	101.295651913	7	3	3	1.66666666667	56.7207	3600.0	44.16	power	0.1	6	12
9	cradle	105.74088192	7	3	3	1.66666666667	56.7207	3600.0	44.16	power	0.1	6	12
10	cradle	104.534214973	5	3	5	2.33333333333	56.7207	3600.0	41.87	power	0.1	6	12
1	cradle	109.023029804	5	2	4	2.13333333333	56.7207	3600.0	48.36	power	0.1	6	13
2	cradle	128.470350981	5	3	5	2.33333333333	56.7207	3600.0	41.87	power	0.1	6	13
3	cradle	79.7753798962	5	2	4	2.13333333333	56.7207	3600.0	43.43	power	0.1	6	13
4	cradle	130.400259018	5	3	5	2.33333333333	56.7207	3600.0	42.23	power	0.1	6	13
5	cradle	105.484470129	6	2	4	1.86666666667	56.7207	3600.0	45.77	power	0.1	6	13
6	cradle	100.795374155	6	2	4	1.86666666667	56.7207	3600.0	43.97	power	0.1	6	13
7	cradle	103.650009155	6	3	3	1.8	56.7207	3600.0	44.27	power	0.1	6	13
8	cradle	103.017350912	5	3	5	2.33333333333	56.7207	3600.0	41.27	power	0.1	6	13
9	cradle	104.624356031	5	3	5	2.33333333333	56.7207	3600.0	42.49	power	0.1	6	13
10	cradle	104.179225206	5	2	4	2.13333333333	56.7207	3600.0	42.44	power	0.1	6	13
1	cradle	80.3437290192	5	2	5	2.33333333333	56.7207	3600.0	42.35	power	0.1	6	14
2	cradle	101.142580986	5	3	5	2.33333333333	56.7207	3600.0	39.5	power	0.1	6	14
3	cradle	130.207190037	5	2	4	2.13333333333	56.7207	3600.0	42.83	power	0.1	6	14
4	cradle	106.703923225	7	3	3	1.66666666667	56.7207	3600.0	44.16	power	0.1	6	14
5	cradle	125.509413004	5	2	4	2.13333333333	56.7207	3600.0	42.83	power	0.1	6	14
6	cradle	102.934051037	5	3	5	2.33333333333	56.7207	3600.0	41.48	power	0.1	6	14
7	cradle	82.1283740997	7	3	3	1.66666666667	56.7207	3600.0	42.33	power	0.1	6	14
8	cradle	121.420185089	6	2	4	1.86666666667	56.7207	3600.0	44.17	power	0.1	6	14
9	cradle	107.056980133	5	2	4	2.13333333333	56.7207	3600.0	48.36	power	0.1	6	14
10	cradle	103.980614901	5	3	5	2.33333333333	56.7207	3600.0	42.32	power	0.1	6	14
1	cradle	129.750735044	5	3	5	2.33333333333	56.7207	3600.0	41.61	power	0.1	6	15
2	cradle	101.996012926	5	2	5	2.33333333333	56.7207	3600.0	38.98	power	0.1	6	15
3	cradle	125.740732908	5	3	5	2.33333333333	56.7207	3600.0	40.34	power	0.1	6	15
4	cradle	108.076172113	5	3	5	2.33333333333	56.7207	3600.0	41.61	power	0.1	6	15
5	cradle	133.120316029	5	3	5	2.33333333333	56.7207	3600.0	41.1	power	0.1	6	15
6	cradle	128.809270144	5	2	5	2.33333333333	56.7207	3600.0	39.33	power	0.1	6	15
7	cradle	105.172235966	5	3	5	2.33333333333	56.7207	3600.0	42.23	power	0.1	6	15
8	cradle	148.692384005	5	3	5	2.33333333333	56.7207	3600.0	39.13	power	0.1	6	15
9	cradle	128.000505924	5	3	5	2.33333333333	56.7207	3600.0	39.13	power	0.1	6	15
10	cradle	130.237795115	5	3	5	2.33333333333	56.7207	3600.0	39.13	power	0.1	6	15
1	cradle	109.53245306	5	3	5	2.33333333333	56.7207	3600.0	41.99	power	0.1	6	16
2	cradle	108.521153927	5	3	5	2.33333333333	56.7207	3600.0	40.26	power	0.1	6	16
3	cradle	124.380362034	6	2	4	1.86666666667	56.7207	3600.0	42.98	power	0.1	6	16
4	cradle	124.165382862	5	3	5	2.33333333333	56.7207	3600.0	41.67	power	0.1	6	16
5	cradle	108.785474062	7	3	3	1.66666666667	56.7207	3600.0	42.33	power	0.1	6	16
6	cradle	106.397594929	6	2	4	1.86666666667	56.7207	3600.0	44.17	power	0.1	6	16
7	cradle	132.432564974	5	3	5	2.33333333333	56.7207	3600.0	41.82	power	0.1	6	16
8	cradle	103.164128065	5	2	5	2.33333333333	56.7207	3600.0	40.63	power	0.1	6	16
9	cradle	104.573698044	6	2	4	1.86666666667	56.7207	3600.0	45.0	power	0.1	6	16
10	cradle	147.574061871	5	2	5	2.33333333333	56.7207	3600.0	40.9	power	0.1	6	16
