trial	chips_added_at_a_time	execution_time	edges	levels	diameter	ASPL	power	frequency	tempurature	picked_by	overlap	numchips	candidates	alpha
1	1	1042.77453017	8	5	8	3.33333333333	56.7207	3600.0	40.6	temp	0.2	9	34	0
2	1	692.281294823	9	3	6	2.77777777778	41.9991	3200.0	44.09	temp	0.2	9	34	0
3	1	585.579858065	8	3	8	3.33333333333	56.7207	3600.0	44.75	temp	0.2	9	34	0
4	1	1427.66460514	8	7	8	3.33333333333	56.7207	3600.0	40.27	temp	0.2	9	34	0
5	1	1463.48309302	8	8	8	3.33333333333	56.7207	3600.0	39.84	temp	0.2	9	34	0
6	1	1398.13461304	8	8	8	3.33333333333	56.7207	3600.0	41.85	temp	0.2	9	34	0
7	1	1404.86094093	8	8	8	3.33333333333	56.7207	3600.0	40.55	temp	0.2	9	34	0
8	1	901.386096001	8	5	8	3.33333333333	56.7207	3600.0	41.75	temp	0.2	9	34	0
9	1	1453.28128719	8	8	8	3.33333333333	56.7207	3600.0	44.3	temp	0.2	9	34	0
10	1	993.101719141	9	5	7	2.83333333333	56.7207	3600.0	42.9	temp	0.2	9	34	0
1	1	1127.62457108	9	5	7	2.88888888889	56.7207	3600.0	42.52	temp	0.2	9	34	.25
2	1	1456.53540301	8	8	8	3.33333333333	56.7207	3600.0	43.43	temp	0.2	9	34	.25
3	1	674.811635971	8	4	8	3.33333333333	56.7207	3600.0	42.88	temp	0.2	9	34	.25
4	1	1422.37333012	8	8	8	3.33333333333	56.7207	3600.0	39.89	temp	0.2	9	34	.25
5	1	1484.5253191	8	7	8	3.33333333333	56.7207	3600.0	40.88	temp	0.2	9	34	.25
6	1	1427.16824794	8	7	8	3.33333333333	56.7207	3600.0	40.83	temp	0.2	9	34	.25
7	1	1066.93827891	8	5	8	3.33333333333	56.7207	3600.0	41.82	temp	0.2	9	34	.25
8	1	600.092684984	8	4	8	3.33333333333	56.7207	3600.0	42.73	temp	0.2	9	34	.25
9	1	1019.17987299	8	6	8	3.33333333333	56.7207	3600.0	41.24	temp	0.2	9	34	.25
10	1	1020.00518513	8	7	8	3.33333333333	56.7207	3600.0	41.19	temp	0.2	9	34	.25
1	1	1323.42382288	8	6	8	3.33333333333	56.7207	3600.0	43.78	temp	0.2	9	34	.5
2	1	1034.29453301	8	6	8	3.33333333333	56.7207	3600.0	40.51	temp	0.2	9	34	.5
3	1	1450.5962069	8	8	8	3.33333333333	56.7207	3600.0	39.89	temp	0.2	9	34	.5
4	1	910.648933887	8	6	8	3.33333333333	56.7207	3600.0	43.68	temp	0.2	9	34	.5
5	1	1259.83152723	8	6	8	3.33333333333	56.7207	3600.0	41.1	temp	0.2	9	34	.5
6	1	1007.39343596	8	6	8	3.33333333333	56.7207	3600.0	40.71	temp	0.2	9	34	.5
7	1	1447.63540006	8	8	8	3.33333333333	56.7207	3600.0	39.78	temp	0.2	9	34	.5
8	1	1427.005831	8	7	8	3.33333333333	56.7207	3600.0	40.37	temp	0.2	9	34	.5
9	1	1241.92326593	8	6	8	3.33333333333	56.7207	3600.0	40.53	temp	0.2	9	34	.5
10	1	1441.41991282	8	7	7	3.0	56.7207	3600.0	43.79	temp	0.2	9	34	.5
1	1	1026.16679692	8	5	8	3.33333333333	56.7207	3600.0	42.39	temp	0.2	9	34	.75
2	1	1394.06599784	8	8	8	3.33333333333	56.7207	3600.0	39.79	temp	0.2	9	34	.75
3	1	1282.7258122	8	7	7	3.05555555556	56.7207	3600.0	41.5	temp	0.2	9	34	.75
4	1	1056.14643097	8	5	8	3.33333333333	56.7207	3600.0	41.57	temp	0.2	9	34	.75
5	1	1077.99753404	8	5	8	3.33333333333	56.7207	3600.0	41.91	temp	0.2	9	34	.75
6	1	751.023722887	8	4	8	3.33333333333	56.7207	3600.0	42.95	temp	0.2	9	34	.75
7	1	1437.49332213	8	8	8	3.33333333333	56.7207	3600.0	41.32	temp	0.2	9	34	.75
8	1	1225.94266295	8	6	7	3.05555555556	56.7207	3600.0	41.82	temp	0.2	9	34	.75
9	1	550.320333004	8	3	8	3.33333333333	56.7207	3600.0	44.84	temp	0.2	9	34	.75
10	1	1424.52445483	8	8	8	3.33333333333	56.7207	3600.0	40.1	temp	0.2	9	34	.75
1	1	1407.35757303	10	4	5	2.33333333333	41.9991	3200.0	44.15	temp	0.2	9	34	1
2	1	1020.38393593	9	4	4	2.38888888889	56.7207	3600.0	49.99	temp	0.2	9	34	1
3	1	1125.13931513	9	5	5	2.55555555556	56.7207	3600.0	48.65	temp	0.2	9	34	1
4	1	872.826600075	8	3	5	2.72222222222	56.7207	3600.0	49.53	temp	0.2	9	34	1
5	1	688.053910017	10	4	4	2.22222222222	56.7207	3600.0	47.73	temp	0.2	9	34	1
6	1	1321.8535521	10	3	4	2.22222222222	41.9991	3200.0	44.08	temp	0.2	9	34	1
7	1	1402.93566108	9	3	5	2.33333333333	56.7207	3600.0	47.51	temp	0.2	9	34	1
8	1	1025.65362215	10	3	5	2.27777777778	56.7207	3600.0	49.54	temp	0.2	9	34	1
9	1	1132.92265582	9	4	5	2.5	56.7207	3600.0	48.41	temp	0.2	9	34	1
10	1	877.99078989	11	3	5	2.16666666667	56.7207	3600.0	48.73	temp	0.2	9	34	1
1	1	334.89974308	5	5	5	2.33333333333	56.7207	3600.0	39.96	temp	0.2	6	34	0
2	1	346.420037985	5	5	5	2.33333333333	56.7207	3600.0	42.27	temp	0.2	6	34	0
3	1	329.545618057	5	5	5	2.33333333333	56.7207	3600.0	42.27	temp	0.2	6	34	0
4	1	325.139950037	5	4	5	2.33333333333	56.7207	3600.0	40.43	temp	0.2	6	34	0
5	1	342.182471037	5	4	5	2.33333333333	56.7207	3600.0	40.29	temp	0.2	6	34	0
6	1	331.709561825	5	5	5	2.33333333333	56.7207	3600.0	40.34	temp	0.2	6	34	0
7	1	316.686243057	5	5	5	2.33333333333	56.7207	3600.0	39.81	temp	0.2	6	34	0
8	1	352.31725812	5	4	5	2.33333333333	56.7207	3600.0	40.38	temp	0.2	6	34	0
9	1	327.581395149	5	5	5	2.33333333333	56.7207	3600.0	39.85	temp	0.2	6	34	0
10	1	340.803769827	5	5	5	2.33333333333	56.7207	3600.0	39.81	temp	0.2	6	34	0
1	1	332.218667984	5	4	5	2.33333333333	56.7207	3600.0	40.38	temp	0.2	6	34	.25
2	1	315.572256088	5	5	5	2.33333333333	56.7207	3600.0	42.27	temp	0.2	6	34	.25
3	1	318.161496162	5	5	5	2.33333333333	56.7207	3600.0	39.81	temp	0.2	6	34	.25
4	1	330.001821995	5	5	5	2.33333333333	56.7207	3600.0	42.27	temp	0.2	6	34	.25
5	1	341.513697147	5	5	5	2.33333333333	56.7207	3600.0	39.72	temp	0.2	6	34	.25
6	1	327.777160883	5	5	5	2.33333333333	56.7207	3600.0	39.96	temp	0.2	6	34	.25
7	1	352.305363178	5	5	5	2.33333333333	56.7207	3600.0	39.72	temp	0.2	6	34	.25
8	1	306.81743598	5	4	5	2.33333333333	56.7207	3600.0	40.29	temp	0.2	6	34	.25
9	1	267.226986885	5	3	5	2.33333333333	56.7207	3600.0	41.13	temp	0.2	6	34	.25
10	1	351.083707094	5	5	5	2.33333333333	56.7207	3600.0	39.85	temp	0.2	6	34	.25
1	1	324.403299809	5	5	5	2.33333333333	56.7207	3600.0	39.96	temp	0.2	6	34	.5
2	1	322.588886023	5	5	5	2.33333333333	56.7207	3600.0	40.48	temp	0.2	6	34	.5
3	1	347.292675018	5	5	5	2.33333333333	56.7207	3600.0	39.81	temp	0.2	6	34	.5
4	1	337.883198977	5	5	5	2.33333333333	56.7207	3600.0	39.96	temp	0.2	6	34	.5
5	1	312.52463603	5	4	5	2.33333333333	56.7207	3600.0	40.29	temp	0.2	6	34	.5
6	1	307.017746925	5	5	5	2.33333333333	56.7207	3600.0	40.18	temp	0.2	6	34	.5
7	1	280.144837141	5	3	5	2.33333333333	56.7207	3600.0	41.03	temp	0.2	6	34	.5
8	1	354.758089066	5	5	5	2.33333333333	56.7207	3600.0	39.72	temp	0.2	6	34	.5
9	1	320.171480894	5	5	5	2.33333333333	56.7207	3600.0	39.98	temp	0.2	6	34	.5
10	1	355.575876951	5	5	5	2.33333333333	56.7207	3600.0	39.72	temp	0.2	6	34	.5
1	1	315.03476119	5	5	5	2.33333333333	56.7207	3600.0	39.98	temp	0.2	6	34	.75
2	1	360.530619144	5	5	5	2.33333333333	56.7207	3600.0	39.96	temp	0.2	6	34	.75
3	1	346.149172068	5	5	5	2.33333333333	56.7207	3600.0	39.81	temp	0.2	6	34	.75
4	1	324.934553146	5	5	5	2.33333333333	56.7207	3600.0	39.85	temp	0.2	6	34	.75
5	1	313.540169954	5	5	5	2.33333333333	56.7207	3600.0	39.72	temp	0.2	6	34	.75
6	1	322.494027138	5	4	5	2.33333333333	56.7207	3600.0	40.29	temp	0.2	6	34	.75
7	1	358.417366982	5	5	5	2.33333333333	56.7207	3600.0	39.96	temp	0.2	6	34	.75
8	1	317.647541046	5	5	5	2.33333333333	56.7207	3600.0	39.72	temp	0.2	6	34	.75
9	1	352.169934988	5	5	5	2.33333333333	56.7207	3600.0	39.72	temp	0.2	6	34	.75
10	1	342.876894951	5	5	5	2.33333333333	56.7207	3600.0	39.72	temp	0.2	6	34	.75
1	1	267.343888998	5	3	3	1.86666666667	56.7207	3600.0	45.37	temp	0.2	6	34	1
2	1	209.435612917	6	3	3	1.8	56.7207	3600.0	45.41	temp	0.2	6	34	1
3	1	285.88325882	6	3	3	1.8	56.7207	3600.0	45.76	temp	0.2	6	34	1
4	1	223.862040997	5	3	4	2.13333333333	56.7207	3600.0	43.84	temp	0.2	6	34	1
5	1	261.228880167	5	3	4	2.13333333333	56.7207	3600.0	44.9	temp	0.2	6	34	1
6	1	280.090658188	7	3	3	1.66666666667	56.7207	3600.0	47.17	temp	0.2	6	34	1
7	1	340.430098057	5	4	4	2.06666666667	56.7207	3600.0	43.96	temp	0.2	6	34	1
8	1	277.462079048	5	3	4	2.06666666667	56.7207	3600.0	44.43	temp	0.2	6	34	1
9	1	230.500859976	5	3	4	2.06666666667	56.7207	3600.0	44.53	temp	0.2	6	34	1
10	1	348.75521493	5	4	5	2.33333333333	56.7207	3600.0	42.89	temp	0.2	6	34	1
1	1	537.758828878	8	4	8	3.33333333333	56.7207	3600.0	41.26	temp	0.1	9	34	0
2	1	878.803082943	8	6	8	3.33333333333	56.7207	3600.0	39.3	temp	0.1	9	34	0
3	1	1294.42953181	8	6	8	3.33333333333	56.7207	3600.0	39.28	temp	0.1	9	34	0
4	1	1040.53572297	8	5	8	3.33333333333	56.7207	3600.0	40.78	temp	0.1	9	34	0
5	1	1026.09348488	8	6	8	3.33333333333	56.7207	3600.0	39.27	temp	0.1	9	34	0
6	1	1299.25675082	8	6	8	3.33333333333	56.7207	3600.0	39.51	temp	0.1	9	34	0
7	1	1256.14497805	8	6	8	3.33333333333	56.7207	3600.0	39.67	temp	0.1	9	34	0
8	1	613.756309986	8	4	8	3.33333333333	56.7207	3600.0	40.92	temp	0.1	9	34	0
9	1	789.540417194	8	4	8	3.33333333333	56.7207	3600.0	39.25	temp	0.1	9	34	0
10	1	1066.46583009	8	5	7	3.05555555556	56.7207	3600.0	40.75	temp	0.1	9	34	0
1	1	825.391174078	8	6	8	3.33333333333	56.7207	3600.0	39.61	temp	0.1	9	34	.25
2	1	554.522437811	8	4	8	3.33333333333	56.7207	3600.0	41.26	temp	0.1	9	34	.25
3	1	673.774928808	8	5	8	3.33333333333	56.7207	3600.0	40.41	temp	0.1	9	34	.25
4	1	1211.81905484	9	6	6	2.77777777778	56.7207	3600.0	40.27	temp	0.1	9	34	.25
5	1	738.946559906	8	4	8	3.33333333333	56.7207	3600.0	40.53	temp	0.1	9	34	.25
6	1	1317.37366605	8	6	8	3.33333333333	56.7207	3600.0	38.88	temp	0.1	9	34	.25
7	1	1091.67264891	8	6	8	3.33333333333	56.7207	3600.0	39.43	temp	0.1	9	34	.25
8	1	1272.92312789	8	7	8	3.33333333333	56.7207	3600.0	38.93	temp	0.1	9	34	.25
9	1	1413.70300102	8	7	8	3.33333333333	56.7207	3600.0	38.67	temp	0.1	9	34	.25
10	1	1052.26086402	8	5	8	3.33333333333	56.7207	3600.0	39.71	temp	0.1	9	34	.25
1	1	1299.99885607	9	6	7	3.0	56.7207	3600.0	39.92	temp	0.1	9	34	.5
2	1	1236.49221301	8	6	8	3.33333333333	56.7207	3600.0	39.65	temp	0.1	9	34	.5
3	1	1005.11442995	8	6	8	3.33333333333	56.7207	3600.0	41.09	temp	0.1	9	34	.5
4	1	677.649265051	8	5	8	3.33333333333	56.7207	3600.0	39.27	temp	0.1	9	34	.5
5	1	1247.230268	8	6	8	3.33333333333	56.7207	3600.0	39.67	temp	0.1	9	34	.5
6	1	556.331007957	8	4	7	3.0	56.7207	3600.0	41.91	temp	0.1	9	34	.5
7	1	1463.97106194	8	7	8	3.33333333333	56.7207	3600.0	38.96	temp	0.1	9	34	.5
8	1	1224.536026	8	6	8	3.33333333333	56.7207	3600.0	39.37	temp	0.1	9	34	.5
9	1	794.29989481	8	5	8	3.33333333333	56.7207	3600.0	39.59	temp	0.1	9	34	.5
10	1	693.587147951	8	4	7	3.0	56.7207	3600.0	40.51	temp	0.1	9	34	.5
1	1	1045.52623391	8	6	8	3.33333333333	56.7207	3600.0	38.62	temp	0.1	9	34	.75
2	1	783.162672997	8	4	8	3.33333333333	56.7207	3600.0	40.62	temp	0.1	9	34	.75
3	1	1010.71318388	8	5	8	3.33333333333	56.7207	3600.0	39.02	temp	0.1	9	34	.75
4	1	1026.25581503	8	6	8	3.33333333333	56.7207	3600.0	39.05	temp	0.1	9	34	.75
5	1	844.46631217	8	5	8	3.33333333333	56.7207	3600.0	40.17	temp	0.1	9	34	.75
6	1	1405.74823689	8	7	8	3.33333333333	56.7207	3600.0	38.76	temp	0.1	9	34	.75
7	1	1449.35196304	8	8	8	3.33333333333	56.7207	3600.0	38.9	temp	0.1	9	34	.75
8	1	995.775272131	8	6	8	3.33333333333	56.7207	3600.0	42.0	temp	0.1	9	34	.75
9	1	1041.65737295	8	5	8	3.33333333333	56.7207	3600.0	39.72	temp	0.1	9	34	.75
10	1	1232.81670189	8	6	8	3.33333333333	56.7207	3600.0	39.69	temp	0.1	9	34	.75
1	1	1131.95223689	10	3	5	2.22222222222	56.7207	3600.0	46.09	temp	0.1	9	34	1
2	1	967.125442028	9	5	6	2.55555555556	56.7207	3600.0	42.6	temp	0.1	9	34	1
3	1	770.157925129	9	4	5	2.38888888889	56.7207	3600.0	45.71	temp	0.1	9	34	1
4	1	674.510487795	10	3	4	2.16666666667	56.7207	3600.0	47.75	temp	0.1	9	34	1
5	1	927.410902023	11	3	4	2.05555555556	56.7207	3600.0	47.09	temp	0.1	9	34	1
6	1	710.046222925	11	4	4	2.11111111111	56.7207	3600.0	45.86	temp	0.1	9	34	1
7	1	579.163068771	10	3	5	2.38888888889	56.7207	3600.0	46.22	temp	0.1	9	34	1
8	1	881.448583126	10	3	4	2.16666666667	56.7207	3600.0	49.84	temp	0.1	9	34	1
9	1	557.7808249	8	3	5	2.66666666667	56.7207	3600.0	47.55	temp	0.1	9	34	1
10	1	556.968122959	11	3	5	2.22222222222	56.7207	3600.0	46.62	temp	0.1	9	34	1
1	1	320.401394844	5	5	5	2.33333333333	56.7207	3600.0	38.09	temp	0.1	6	34	0
2	1	320.275485992	5	5	5	2.33333333333	56.7207	3600.0	38.26	temp	0.1	6	34	0
3	1	320.882157087	5	5	5	2.33333333333	56.7207	3600.0	38.38	temp	0.1	6	34	0
4	1	320.170973063	5	5	5	2.33333333333	56.7207	3600.0	39.34	temp	0.1	6	34	0
5	1	319.969544888	5	5	5	2.33333333333	56.7207	3600.0	38.38	temp	0.1	6	34	0
6	1	312.564279079	5	4	5	2.33333333333	56.7207	3600.0	39.02	temp	0.1	6	34	0
7	1	311.310866117	5	5	5	2.33333333333	56.7207	3600.0	38.13	temp	0.1	6	34	0
8	1	335.28194499	5	5	5	2.33333333333	56.7207	3600.0	38.26	temp	0.1	6	34	0
9	1	285.265073061	5	4	5	2.33333333333	56.7207	3600.0	39.82	temp	0.1	6	34	0
10	1	334.072945118	5	5	5	2.33333333333	56.7207	3600.0	38.38	temp	0.1	6	34	0
1	1	313.553939104	5	5	5	2.33333333333	56.7207	3600.0	38.13	temp	0.1	6	34	.25
2	1	287.131356001	5	3	5	2.33333333333	56.7207	3600.0	40.08	temp	0.1	6	34	.25
3	1	327.834027052	5	5	5	2.33333333333	56.7207	3600.0	38.38	temp	0.1	6	34	.25
4	1	320.706081867	5	5	5	2.33333333333	56.7207	3600.0	38.09	temp	0.1	6	34	.25
5	1	319.4155581	5	5	5	2.33333333333	56.7207	3600.0	38.26	temp	0.1	6	34	.25
6	1	342.94406414	5	4	5	2.33333333333	56.7207	3600.0	38.52	temp	0.1	6	34	.25
7	1	329.528086901	5	5	5	2.33333333333	56.7207	3600.0	38.26	temp	0.1	6	34	.25
8	1	320.961890221	5	5	5	2.33333333333	56.7207	3600.0	38.38	temp	0.1	6	34	.25
9	1	369.330219984	5	5	5	2.33333333333	56.7207	3600.0	38.38	temp	0.1	6	34	.25
10	1	273.902464151	5	3	5	2.33333333333	56.7207	3600.0	39.22	temp	0.1	6	34	.25
1	1	315.729338884	5	5	5	2.33333333333	56.7207	3600.0	38.26	temp	0.1	6	34	.5
2	1	353.553745985	5	5	5	2.33333333333	56.7207	3600.0	37.95	temp	0.1	6	34	.5
3	1	328.349510193	5	5	5	2.33333333333	56.7207	3600.0	38.13	temp	0.1	6	34	.5
4	1	321.945838928	5	5	5	2.33333333333	56.7207	3600.0	37.96	temp	0.1	6	34	.5
5	1	278.91877389	5	3	5	2.33333333333	56.7207	3600.0	39.88	temp	0.1	6	34	.5
6	1	345.581698895	5	5	5	2.33333333333	56.7207	3600.0	38.26	temp	0.1	6	34	.5
7	1	333.614101887	5	5	5	2.33333333333	56.7207	3600.0	38.38	temp	0.1	6	34	.5
8	1	318.074674129	5	5	5	2.33333333333	56.7207	3600.0	38.38	temp	0.1	6	34	.5
9	1	329.900914907	5	5	5	2.33333333333	56.7207	3600.0	38.13	temp	0.1	6	34	.5
10	1	340.661689997	5	5	5	2.33333333333	56.7207	3600.0	37.96	temp	0.1	6	34	.5
1	1	319.356935024	5	4	5	2.33333333333	56.7207	3600.0	39.21	temp	0.1	6	34	.75
2	1	353.951184988	5	5	5	2.33333333333	56.7207	3600.0	39.16	temp	0.1	6	34	.75
3	1	271.078081131	5	3	5	2.33333333333	56.7207	3600.0	39.87	temp	0.1	6	34	.75
4	1	335.478777885	5	5	5	2.33333333333	56.7207	3600.0	38.26	temp	0.1	6	34	.75
5	1	358.72866106	5	5	5	2.33333333333	56.7207	3600.0	37.95	temp	0.1	6	34	.75
6	1	368.171433926	5	4	5	2.33333333333	56.7207	3600.0	39.92	temp	0.1	6	34	.75
7	1	335.969272137	5	5	5	2.33333333333	56.7207	3600.0	37.96	temp	0.1	6	34	.75
8	1	316.18136096	5	5	5	2.33333333333	56.7207	3600.0	38.26	temp	0.1	6	34	.75
9	1	325.602777958	5	5	5	2.33333333333	56.7207	3600.0	37.96	temp	0.1	6	34	.75
10	1	337.735166073	5	5	5	2.33333333333	56.7207	3600.0	37.95	temp	0.1	6	34	.75
1	1	213.927706957	6	3	3	1.8	56.7207	3600.0	43.45	temp	0.1	6	34	1
2	1	282.277256966	5	3	4	2.06666666667	56.7207	3600.0	41.12	temp	0.1	6	34	1
3	1	273.644867897	6	3	3	1.73333333333	56.7207	3600.0	42.58	temp	0.1	6	34	1
4	1	230.277197123	6	3	3	1.8	56.7207	3600.0	43.35	temp	0.1	6	34	1
5	1	297.427870989	5	4	5	2.33333333333	56.7207	3600.0	40.56	temp	0.1	6	34	1
6	1	290.479366064	6	3	4	1.93333333333	56.7207	3600.0	42.15	temp	0.1	6	34	1
7	1	278.16268301	6	3	3	1.8	56.7207	3600.0	42.42	temp	0.1	6	34	1
8	1	253.157774925	5	3	4	2.06666666667	56.7207	3600.0	41.76	temp	0.1	6	34	1
9	1	203.561318874	6	3	3	1.8	56.7207	3600.0	43.12	temp	0.1	6	34	1
10	1	231.231874943	5	3	3	1.93333333333	56.7207	3600.0	43.26	temp	0.1	6	34	1
