trial	chips_added_at_a_time	execution_time	edges	levels	diameter	ASPL	power	frequency	tempurature	picked_by	overlap	numchips	candidates
1	1	76.7479932308	3	2	2	1.5	56.7207	3600.0	44.22	power	0.2	4	36
2	1	80.4470829964	3	2	2	1.5	56.7207	3600.0	44.22	power	0.2	4	36
3	1	83.10394907	3	2	2	1.5	56.7207	3600.0	44.22	power	0.2	4	36
4	1	76.7661569118	3	2	2	1.5	56.7207	3600.0	43.13	power	0.2	4	36
5	1	75.0044548512	3	2	2	1.5	56.7207	3600.0	44.22	power	0.2	4	36
6	1	75.7983500957	3	2	2	1.5	56.7207	3600.0	43.13	power	0.2	4	36
7	1	83.5769190788	3	2	2	1.5	56.7207	3600.0	44.22	power	0.2	4	36
8	1	78.7828400135	3	2	2	1.5	56.7207	3600.0	43.13	power	0.2	4	36
9	1	75.1379249096	3	2	2	1.5	56.7207	3600.0	44.22	power	0.2	4	36
10	1	79.6640491486	3	2	2	1.5	56.7207	3600.0	43.13	power	0.2	4	36
1	1	139.727024078	4	2	2	1.6	56.7207	3600.0	47.27	power	0.2	5	36
2	1	151.320198059	4	2	2	1.6	56.7207	3600.0	47.27	power	0.2	5	36
3	1	146.714474201	4	2	2	1.6	56.7207	3600.0	47.27	power	0.2	5	36
4	1	141.364470959	4	2	2	1.6	56.7207	3600.0	47.27	power	0.2	5	36
5	1	152.260517836	4	2	2	1.6	56.7207	3600.0	47.27	power	0.2	5	36
6	1	151.243421078	4	2	2	1.6	56.7207	3600.0	47.27	power	0.2	5	36
7	1	150.204005003	4	2	2	1.6	56.7207	3600.0	47.27	power	0.2	5	36
8	1	151.650299072	4	2	2	1.6	56.7207	3600.0	47.27	power	0.2	5	36
9	1	145.739979982	4	2	2	1.6	56.7207	3600.0	47.27	power	0.2	5	36
10	1	139.76312685	4	2	2	1.6	56.7207	3600.0	47.27	power	0.2	5	36
1	1	214.315099001	6	3	3	1.73333333333	56.7207	3600.0	47.61	power	0.2	6	36
2	1	215.994236946	6	2	3	1.73333333333	56.7207	3600.0	50.82	power	0.2	6	36
3	1	218.156414986	6	3	3	1.73333333333	56.7207	3600.0	45.97	power	0.2	6	36
4	1	222.264218092	6	3	3	1.73333333333	56.7207	3600.0	47.61	power	0.2	6	36
5	1	206.471585035	6	2	3	1.73333333333	56.7207	3600.0	48.0	power	0.2	6	36
6	1	218.985975027	6	2	3	1.73333333333	56.7207	3600.0	50.06	power	0.2	6	36
7	1	219.275053978	6	3	3	1.73333333333	56.7207	3600.0	47.88	power	0.2	6	36
8	1	230.945945978	6	3	3	1.73333333333	56.7207	3600.0	45.97	power	0.2	6	36
9	1	213.885373831	6	3	3	1.73333333333	56.7207	3600.0	48.5	power	0.2	6	36
10	1	229.639843941	6	2	3	1.73333333333	56.7207	3600.0	50.06	power	0.2	6	36
1	1	316.571932077	8	3	3	1.80952380952	56.7207	3600.0	48.65	power	0.2	7	36
2	1	290.880577087	8	3	3	1.80952380952	56.7207	3600.0	50.09	power	0.2	7	36
3	1	333.801316023	8	3	3	1.80952380952	56.7207	3600.0	48.65	power	0.2	7	36
4	1	273.449095011	8	2	3	1.80952380952	56.7207	3600.0	53.21	power	0.2	7	36
5	1	301.922007084	8	3	3	1.80952380952	56.7207	3600.0	48.5	power	0.2	7	36
6	1	295.145852089	8	3	3	1.80952380952	56.7207	3600.0	48.5	power	0.2	7	36
7	1	324.26267004	8	3	3	1.80952380952	56.7207	3600.0	48.5	power	0.2	7	36
8	1	280.163933992	8	3	3	1.80952380952	56.7207	3600.0	50.09	power	0.2	7	36
9	1	307.687264204	8	2	3	1.80952380952	56.7207	3600.0	50.85	power	0.2	7	36
10	1	293.546368837	8	3	3	1.80952380952	56.7207	3600.0	50.91	power	0.2	7	36
1	1	446.680657864	9	3	3	1.92857142857	56.7207	3600.0	53.77	power	0.2	8	36
2	1	346.941351891	9	3	3	1.92857142857	56.7207	3600.0	51.23	power	0.2	8	36
3	1	419.901367903	9	3	3	1.92857142857	56.7207	3600.0	51.4	power	0.2	8	36
4	1	436.108716011	9	3	3	1.92857142857	56.7207	3600.0	52.03	power	0.2	8	36
5	1	423.027353048	9	3	3	1.92857142857	56.7207	3600.0	51.23	power	0.2	8	36
6	1	428.060657024	9	3	3	1.92857142857	56.7207	3600.0	53.77	power	0.2	8	36
7	1	423.43601203	9	3	3	1.92857142857	56.7207	3600.0	51.23	power	0.2	8	36
8	1	395.876459837	9	3	3	1.92857142857	56.7207	3600.0	51.76	power	0.2	8	36
9	1	426.647368908	9	3	3	1.92857142857	56.7207	3600.0	51.4	power	0.2	8	36
10	1	425.014188051	9	3	3	1.92857142857	56.7207	3600.0	52.18	power	0.2	8	36
1	1	534.659832001	11	3	4	2.05555555556	56.7207	3600.0	56.02	power	0.2	9	36
2	1	416.082444906	11	2	4	2.05555555556	56.7207	3600.0	56.57	power	0.2	9	36
3	1	531.159574032	11	3	4	2.05555555556	56.7207	3600.0	53.28	power	0.2	9	36
4	1	505.420448065	11	3	4	2.05555555556	56.7207	3600.0	53.94	power	0.2	9	36
5	1	510.806963921	11	3	4	2.05555555556	56.7207	3600.0	51.83	power	0.2	9	36
6	1	487.240417957	11	3	4	2.05555555556	56.7207	3600.0	53.53	power	0.2	9	36
7	1	436.466228008	11	3	4	2.05555555556	56.7207	3600.0	50.05	power	0.2	9	36
8	1	485.865319014	11	3	4	2.05555555556	56.7207	3600.0	53.94	power	0.2	9	36
9	1	547.097958088	11	3	4	2.05555555556	56.7207	3600.0	54.06	power	0.2	9	36
10	1	528.714407921	11	3	4	2.05555555556	56.7207	3600.0	52.82	power	0.2	9	36
1	1	557.201610804	13	3	4	2.13333333333	56.7207	3600.0	55.22	power	0.2	10	36
2	1	634.042996883	13	3	4	2.13333333333	56.7207	3600.0	54.59	power	0.2	10	36
3	1	566.224709034	13	3	4	2.13333333333	56.7207	3600.0	54.39	power	0.2	10	36
4	1	584.929670811	13	3	4	2.13333333333	56.7207	3600.0	55.61	power	0.2	10	36
5	1	616.306950808	13	3	4	2.13333333333	56.7207	3600.0	55.64	power	0.2	10	36
6	1	643.22100997	13	3	4	2.13333333333	56.7207	3600.0	55.87	power	0.2	10	36
7	1	525.684856176	13	3	4	2.13333333333	56.7207	3600.0	56.35	power	0.2	10	36
8	1	631.700649023	13	3	4	2.13333333333	56.7207	3600.0	54.67	power	0.2	10	36
9	1	500.846388102	13	2	4	2.13333333333	56.7207	3600.0	58.7	power	0.2	10	36
10	1	629.741492987	13	3	4	2.13333333333	56.7207	3600.0	51.13	power	0.2	10	36
1	1	737.701545954	14	3	4	2.25454545455	56.7207	3600.0	56.46	power	0.2	11	36
2	1	644.100964069	14	3	4	2.25454545455	56.7207	3600.0	57.4	power	0.2	11	36
3	1	721.142223835	14	3	4	2.25454545455	56.7207	3600.0	57.49	power	0.2	11	36
4	1	698.840478897	14	3	4	2.25454545455	56.7207	3600.0	57.2	power	0.2	11	36
5	1	691.580657959	14	3	4	2.25454545455	56.7207	3600.0	57.96	power	0.2	11	36
6	1	686.312611103	14	3	4	2.25454545455	56.7207	3600.0	58.98	power	0.2	11	36
7	1	789.711312056	14	4	4	2.25454545455	56.7207	3600.0	54.04	power	0.2	11	36
8	1	684.586436987	14	3	4	2.25454545455	56.7207	3600.0	58.89	power	0.2	11	36
9	1	798.516075134	14	4	4	2.25454545455	56.7207	3600.0	52.56	power	0.2	11	36
10	1	742.129641056	14	4	4	2.25454545455	56.7207	3600.0	55.91	power	0.2	11	36
1	1	812.897985935	15	3	4	2.36363636364	56.7207	3600.0	60.31	power	0.2	12	36
2	1	787.102391005	15	3	4	2.36363636364	56.7207	3600.0	62.68	power	0.2	12	36
3	1	828.555993795	15	3	4	2.36363636364	56.7207	3600.0	60.05	power	0.2	12	36
4	1	826.956321955	15	3	4	2.36363636364	56.7207	3600.0	61.77	power	0.2	12	36
5	1	752.11353898	15	3	4	2.36363636364	56.7207	3600.0	58.44	power	0.2	12	36
6	1	790.528228998	15	3	4	2.36363636364	56.7207	3600.0	59.14	power	0.2	12	36
7	1	848.236234903	15	3	4	2.36363636364	56.7207	3600.0	59.72	power	0.2	12	36
8	1	822.690779924	15	3	4	2.36363636364	56.7207	3600.0	59.98	power	0.2	12	36
9	1	837.449488163	15	4	4	2.36363636364	56.7207	3600.0	57.7	power	0.2	12	36
10	1	794.731713057	15	3	4	2.36363636364	56.7207	3600.0	60.53	power	0.2	12	36
1	1	1069.35996103	16	4	4	2.46153846154	56.7207	3600.0	58.97	power	0.2	13	36
2	1	930.501477003	16	4	4	2.46153846154	56.7207	3600.0	58.04	power	0.2	13	36
3	1	971.887074947	16	3	4	2.46153846154	56.7207	3600.0	62.97	power	0.2	13	36
4	1	855.51744318	16	3	4	2.46153846154	56.7207	3600.0	62.58	power	0.2	13	36
5	1	971.808636904	16	3	4	2.46153846154	56.7207	3600.0	63.43	power	0.2	13	36
6	1	911.960457087	16	3	4	2.46153846154	56.7207	3600.0	62.53	power	0.2	13	36
7	1	926.42554903	16	3	4	2.46153846154	56.7207	3600.0	62.8	power	0.2	13	36
8	1	1150.12598801	18	4	5	2.41025641026	56.7207	3600.0	56.7	power	0.2	13	36
9	1	939.741611004	16	3	4	2.46153846154	56.7207	3600.0	63.04	power	0.2	13	36
10	1	845.495059967	18	3	5	2.41025641026	56.7207	3600.0	62.03	power	0.2	13	36
1	1	81.5043509007	3	2	2	1.5	56.7207	3600.0	40.5	power	0.1	4	36
2	1	77.935106039	3	2	2	1.5	56.7207	3600.0	41.24	power	0.1	4	36
3	1	75.0931150913	3	2	2	1.5	56.7207	3600.0	40.5	power	0.1	4	36
4	1	76.0086297989	3	2	2	1.5	56.7207	3600.0	40.5	power	0.1	4	36
5	1	79.3241488934	3	2	2	1.5	56.7207	3600.0	40.5	power	0.1	4	36
6	1	79.2986240387	3	2	2	1.5	56.7207	3600.0	40.5	power	0.1	4	36
7	1	73.8104679585	3	2	2	1.5	56.7207	3600.0	40.5	power	0.1	4	36
8	1	74.6467478275	3	2	2	1.5	56.7207	3600.0	40.5	power	0.1	4	36
9	1	77.8574199677	3	2	2	1.5	56.7207	3600.0	40.5	power	0.1	4	36
10	1	77.0925629139	3	2	2	1.5	56.7207	3600.0	40.5	power	0.1	4	36
1	1	140.109786034	4	2	2	1.6	56.7207	3600.0	44.33	power	0.1	5	36
2	1	139.893378973	4	2	2	1.6	56.7207	3600.0	44.33	power	0.1	5	36
3	1	154.054593086	4	2	2	1.6	56.7207	3600.0	44.33	power	0.1	5	36
4	1	142.476226091	4	2	2	1.6	56.7207	3600.0	44.33	power	0.1	5	36
5	1	156.249317884	4	2	2	1.6	56.7207	3600.0	44.33	power	0.1	5	36
6	1	148.457731962	4	2	2	1.6	56.7207	3600.0	44.33	power	0.1	5	36
7	1	152.019644976	4	2	2	1.6	56.7207	3600.0	44.33	power	0.1	5	36
8	1	153.667115927	4	2	2	1.6	56.7207	3600.0	44.33	power	0.1	5	36
9	1	144.756170988	4	2	2	1.6	56.7207	3600.0	44.33	power	0.1	5	36
10	1	143.512551069	4	2	2	1.6	56.7207	3600.0	44.33	power	0.1	5	36
1	1	217.131087065	6	3	3	1.73333333333	56.7207	3600.0	42.62	power	0.1	6	36
2	1	223.430740118	6	2	3	1.73333333333	56.7207	3600.0	46.6	power	0.1	6	36
3	1	216.147697926	6	3	3	1.73333333333	56.7207	3600.0	45.03	power	0.1	6	36
4	1	225.388963938	6	2	3	1.73333333333	56.7207	3600.0	47.11	power	0.1	6	36
5	1	225.644540071	6	2	3	1.73333333333	56.7207	3600.0	46.36	power	0.1	6	36
6	1	213.920462847	6	3	3	1.73333333333	56.7207	3600.0	45.65	power	0.1	6	36
7	1	222.046441078	6	2	3	1.73333333333	56.7207	3600.0	47.11	power	0.1	6	36
8	1	213.92949605	6	2	3	1.73333333333	56.7207	3600.0	46.36	power	0.1	6	36
9	1	231.780944109	6	3	3	1.73333333333	56.7207	3600.0	45.16	power	0.1	6	36
10	1	217.994343042	6	3	3	1.73333333333	56.7207	3600.0	45.03	power	0.1	6	36
1	1	282.896708965	8	2	3	1.80952380952	56.7207	3600.0	46.07	power	0.1	7	36
2	1	274.638592005	8	2	3	1.80952380952	56.7207	3600.0	46.33	power	0.1	7	36
3	1	289.784966946	8	3	3	1.80952380952	56.7207	3600.0	45.36	power	0.1	7	36
4	1	323.65377903	8	3	3	1.80952380952	56.7207	3600.0	47.16	power	0.1	7	36
5	1	330.238266945	8	3	3	1.80952380952	56.7207	3600.0	45.13	power	0.1	7	36
6	1	293.168772936	8	2	3	1.80952380952	56.7207	3600.0	49.22	power	0.1	7	36
7	1	282.028827906	8	2	3	1.80952380952	56.7207	3600.0	46.07	power	0.1	7	36
8	1	323.136811972	8	3	3	1.80952380952	56.7207	3600.0	45.06	power	0.1	7	36
9	1	323.547523975	8	3	3	1.80952380952	56.7207	3600.0	47.8	power	0.1	7	36
10	1	300.425797939	8	3	3	1.80952380952	56.7207	3600.0	47.6	power	0.1	7	36
1	1	369.704274178	9	3	3	1.92857142857	56.7207	3600.0	48.82	power	0.1	8	36
2	1	384.378948927	9	3	3	1.92857142857	56.7207	3600.0	48.81	power	0.1	8	36
3	1	349.264649153	9	3	3	1.92857142857	56.7207	3600.0	48.63	power	0.1	8	36
4	1	381.959991932	9	3	3	1.92857142857	56.7207	3600.0	49.65	power	0.1	8	36
5	1	409.835530043	9	3	3	1.92857142857	56.7207	3600.0	47.51	power	0.1	8	36
6	1	352.614624977	9	3	3	1.92857142857	56.7207	3600.0	48.82	power	0.1	8	36
7	1	422.880262136	9	3	3	1.92857142857	56.7207	3600.0	49.17	power	0.1	8	36
8	1	384.546762943	9	3	3	1.92857142857	56.7207	3600.0	48.97	power	0.1	8	36
9	1	375.042257071	9	2	3	1.92857142857	56.7207	3600.0	50.14	power	0.1	8	36
10	1	335.409383059	9	2	3	1.92857142857	56.7207	3600.0	51.44	power	0.1	8	36
1	1	499.601897001	11	3	4	2.05555555556	56.7207	3600.0	48.71	power	0.1	9	36
2	1	447.922219038	11	2	4	2.05555555556	56.7207	3600.0	53.34	power	0.1	9	36
3	1	543.730027199	11	3	4	2.05555555556	56.7207	3600.0	52.02	power	0.1	9	36
4	1	489.259263992	11	3	4	2.05555555556	56.7207	3600.0	51.87	power	0.1	9	36
5	1	524.977859974	11	3	4	2.05555555556	56.7207	3600.0	46.6	power	0.1	9	36
6	1	532.341415167	11	3	4	2.05555555556	56.7207	3600.0	50.56	power	0.1	9	36
7	1	515.496955872	11	3	4	2.05555555556	56.7207	3600.0	51.67	power	0.1	9	36
8	1	481.327352047	11	4	4	2.05555555556	56.7207	3600.0	45.91	power	0.1	9	36
9	1	480.059455872	11	3	4	2.05555555556	56.7207	3600.0	51.57	power	0.1	9	36
10	1	547.677379131	11	3	4	2.05555555556	56.7207	3600.0	49.02	power	0.1	9	36
1	1	636.447286129	13	3	4	2.13333333333	56.7207	3600.0	51.36	power	0.1	10	36
2	1	631.27935195	13	4	4	2.13333333333	56.7207	3600.0	49.19	power	0.1	10	36
3	1	634.322113037	13	3	4	2.13333333333	56.7207	3600.0	51.58	power	0.1	10	36
4	1	656.114306927	13	3	4	2.13333333333	56.7207	3600.0	50.6	power	0.1	10	36
5	1	570.280476093	13	3	4	2.13333333333	56.7207	3600.0	52.35	power	0.1	10	36
6	1	620.314229012	13	4	4	2.13333333333	56.7207	3600.0	47.96	power	0.1	10	36
7	1	608.986474037	13	3	4	2.13333333333	56.7207	3600.0	49.24	power	0.1	10	36
8	1	620.374357939	13	3	4	2.13333333333	56.7207	3600.0	52.54	power	0.1	10	36
9	1	609.844127178	13	3	4	2.13333333333	56.7207	3600.0	50.45	power	0.1	10	36
10	1	541.540762901	13	3	4	2.15555555556	56.7207	3600.0	51.5	power	0.1	10	36
1	1	722.559033155	14	3	4	2.25454545455	56.7207	3600.0	53.61	power	0.1	11	36
2	1	822.214789152	14	4	4	2.25454545455	56.7207	3600.0	54.04	power	0.1	11	36
3	1	755.118407011	14	3	4	2.25454545455	56.7207	3600.0	55.14	power	0.1	11	36
4	1	630.963886976	14	3	4	2.25454545455	56.7207	3600.0	49.6	power	0.1	11	36
5	1	704.373313904	14	4	4	2.25454545455	56.7207	3600.0	48.8	power	0.1	11	36
6	1	647.051252127	14	3	4	2.25454545455	56.7207	3600.0	54.91	power	0.1	11	36
7	1	722.825192928	14	3	4	2.25454545455	56.7207	3600.0	53.65	power	0.1	11	36
8	1	725.72449398	14	3	4	2.25454545455	56.7207	3600.0	52.67	power	0.1	11	36
9	1	762.252443075	14	3	4	2.25454545455	56.7207	3600.0	52.25	power	0.1	11	36
10	1	728.591895103	14	3	4	2.25454545455	56.7207	3600.0	53.68	power	0.1	11	36
1	1	775.249181986	15	4	4	2.36363636364	56.7207	3600.0	54.15	power	0.1	12	36
2	1	820.316204071	15	3	4	2.36363636364	56.7207	3600.0	54.79	power	0.1	12	36
3	1	816.030246019	15	3	4	2.36363636364	56.7207	3600.0	55.46	power	0.1	12	36
4	1	997.469301939	15	4	4	2.36363636364	56.7207	3600.0	54.55	power	0.1	12	36
5	1	813.199571133	15	3	4	2.36363636364	56.7207	3600.0	55.73	power	0.1	12	36
6	1	1020.92347407	15	4	4	2.36363636364	56.7207	3600.0	51.66	power	0.1	12	36
7	1	828.738297224	15	3	4	2.36363636364	56.7207	3600.0	55.79	power	0.1	12	36
8	1	791.396942854	15	3	4	2.36363636364	56.7207	3600.0	56.48	power	0.1	12	36
9	1	735.810017109	15	3	4	2.36363636364	56.7207	3600.0	54.12	power	0.1	12	36
10	1	864.995599031	15	3	4	2.36363636364	56.7207	3600.0	55.03	power	0.1	12	36
1	1	1146.03315115	16	4	4	2.46153846154	56.7207	3600.0	52.13	power	0.1	13	36
2	1	936.110380173	16	3	4	2.46153846154	56.7207	3600.0	56.92	power	0.1	13	36
3	1	937.704777002	16	3	4	2.46153846154	56.7207	3600.0	58.59	power	0.1	13	36
4	1	937.178681135	16	3	4	2.46153846154	56.7207	3600.0	57.89	power	0.1	13	36
5	1	1123.33596087	16	4	4	2.46153846154	56.7207	3600.0	55.4	power	0.1	13	36
6	1	921.381174088	16	3	4	2.46153846154	56.7207	3600.0	58.07	power	0.1	13	36
7	1	928.612786055	16	3	4	2.46153846154	56.7207	3600.0	58.23	power	0.1	13	36
8	1	766.63598299	16	3	4	2.46153846154	56.7207	3600.0	57.73	power	0.1	13	36
9	1	900.83692503	16	3	4	2.46153846154	56.7207	3600.0	57.83	power	0.1	13	36
10	1	1191.80641103	16	4	4	2.46153846154	56.7207	3600.0	56.86	power	0.1	13	36
