chips_added_at_a_time	execution_time	edges	levels	diameter	ASPL	power	frequency	tempurature	picked_by	overlap	numchips	candidates
1	77.7435184002	3.0	2.4	2.6	1.6	56.7207	3600.0	42.694	power	0.2	4	36
base3
layout_size = 4
candidates 36

1	162.577103329	4.0	2.7	3.4	1.88	56.7207	3600.0	43.816	power	0.2	5	36
base3
layout_size = 5
candidates 36

1	250.076804113	5.0	3.0	4.2	2.15333333333	56.7207	3600.0	45.283	power	0.2	6	36
base3
layout_size = 6
candidates 36

1	478.211078525	6.6	3.2	4.5	2.22857142857	56.7207	3600.0	47.332	power	0.2	7	36
base3
layout_size = 7
candidates 36

1	760.402326798	7.8	3.2	4.9	2.39642857143	56.7207	3600.0	48.431	power	0.2	8	36
base3
layout_size = 8
candidates 36

1	948.244386721	8.7	3.4	5.5	2.6	56.7207	3600.0	48.366	power	0.2	9	36
base3
layout_size = 9
candidates 36

1	1688.53711879	9.9	3.8	5.9	2.73555555555	56.7207	3600.0	49.099	power	0.2	10	36
base3
layout_size = 10
candidates 36

1	2140.68471332	11.3	4.0	6.1	2.82545454545	50.83206	3440.0	47.653	power	0.2	11	36
base3
layout_size = 11
candidates 36

1	2784.75615394	12.1	4.2	7.6	3.20303030303	52.30422	3480.0	47.895	power	0.2	12	36
base3
layout_size = 12
candidates 36

1	4137.4761687	13.0	5.3	8.5	3.53333333333	55.24854	3560.0	48.981	power	0.2	13	36
base3
layout_size = 13
candidates 36

1	76.2606041908	3.0	2.4	2.8	1.63333333334	56.7207	3600.0	39.592	power	0.1	4	36
base3
layout_size = 4
candidates 36

1	146.297662592	4.1	2.4	3.5	1.88	56.7207	3600.0	42.68	power	0.1	5	36
base3
layout_size = 5
candidates 36

1	233.162007928	5.1	2.5	3.7	2.04	56.7207	3600.0	44.177	power	0.1	6	36
base3
layout_size = 6
candidates 36

1	348.735258508	6.6	3.1	4.5	2.20952380952	56.7207	3600.0	45.573	power	0.1	7	36
base3
layout_size = 7
candidates 36

1	520.486045885	7.7	3.2	4.8	2.38928571428	56.7207	3600.0	46.262	power	0.1	8	36
base3
layout_size = 8
candidates 36

1	730.450259805	9.1	3.2	5.2	2.46666666667	56.7207	3600.0	47.763	power	0.1	9	36
base3
layout_size = 9
candidates 36

1	1054.24428947	10.0	3.8	5.8	2.72444444445	56.7207	3600.0	47.945	power	0.1	10	36
base3
layout_size = 10
candidates 36

1	1389.60856545	11.4	3.9	5.9	2.82545454545	56.7207	3600.0	48.442	power	0.1	11	36
base3
layout_size = 11
candidates 36

1	1747.31733675	13.1	3.9	7.0	3.0303030303	56.7207	3600.0	48.746	power	0.1	12	36
base3
layout_size = 12
candidates 36

1	2213.99749274	13.3	4.1	7.7	3.33333333333	56.7207	3600.0	49.128	power	0.1	13	36
base3
layout_size = 13
candidates 36

