raw output


trial 1	 add by 1	 ex time 2780.64130497	picked by power	overlap 0.2
----------- OPTIMIZATION RESULTS -----------------
Chip =  base3
Chip frequencies and power levels =  [(1200.0, 14.0099), (1400.0, 15.665), (1600.0, 17.1876), (1800.0, 19.2831), (2000.0, 20.7333), (2200.0, 21.9087), (2400.0, 25.7721), (2600.0, 29.08), (2800.0, 33.0215), (3000.0, 37.8684), (3200.0, 41.9991), (3400.0, 48.727), (3600.0, 56.7207)]
Layout = [[2, 0.13, 0.1404], [1, 0.13718622325850055, 0.14758622325850054], [2, 0.1443724465170011, 0.1547724465170011], [2, 0.13, 0.1547724465170011], [2, 0.1443724465170011, 0.1404], [1, 0.15155866977550164, 0.14758622325850054], [3, 0.13718622325850055, 0.16195866977550163], [1, 0.15155866977550164, 0.16195866977550163], [3, 0.12281377674149947, 0.14758622325850054], [1, 0.13718622325850055, 0.13321377674149945], [3, 0.12281377674149947, 0.13321377674149945], [3, 0.12281377674149947, 0.16195866977550163], [1, 0.15155866977550164, 0.13321377674149945], [2, 0.1443724465170011, 0.16914489303400218], [2, 0.13, 0.16914489303400218], [4, 0.11562755348299893, 0.1547724465170011], [2, 0.11562755348299893, 0.1404], [4, 0.11562755348299893, 0.16914489303400218], [2, 0.1587448930340022, 0.1547724465170011], [3, 0.13718622325850055, 0.17633111629250273], [2, 0.1587448930340022, 0.1404], [3, 0.12281377674149947, 0.17633111629250273], [1, 0.15155866977550164, 0.17633111629250273], [2, 0.1587448930340022, 0.16914489303400218], [2, 0.13, 0.1260275534829989], [2, 0.1443724465170011, 0.1260275534829989]]
Topology =  [(0, 8), (0, 1), (0, 10), (0, 9), (1, 2), (1, 3), (1, 4), (2, 5), (2, 6), (2, 7), (3, 8), (3, 11), (3, 6), (4, 12), (4, 5), (4, 9), (5, 20), (5, 18), (6, 13), (6, 14), (7, 18), (7, 13), (7, 23), (8, 16), (8, 15), (9, 24), (9, 25), (10, 16), (10, 24), (11, 17), (11, 14), (11, 15), (12, 20), (12, 25), (13, 19), (13, 22), (14, 19), (14, 21), (17, 21), (22, 23)]
Number of edges =  40
Number of levels =  4
Diameter =  7
ASPL =  3.37846153846
Power budget =  1474.7387
Power distribution = [56.7207, 56.7207, 56.7207, 56.7207, 56.7207, 56.7207, 56.7207, 56.7207, 56.7207, 56.7207, 56.7207, 56.7207, 56.7207, 56.7207, 56.7207, 56.7207, 56.7207, 56.7207, 56.7207, 56.7207, 56.7207, 56.7207, 56.7207, 56.7207, 56.7207, 56.7207]
Frequency distribution = [3600.0, 3600.0, 3600.0, 3600.0, 3600.0, 3600.0, 3600.0, 3600.0, 3600.0, 3600.0, 3600.0, 3600.0, 3600.0, 3600.0, 3600.0, 3600.0, 3600.0, 3600.0, 3600.0, 3600.0, 3600.0, 3600.0, 3600.0, 3600.0, 3600.0, 3600.0]
Temperature = 81.43


trial 2	 add by 1	 ex time 35815.5529611	picked by power	overlap 0.2


trial 3	 add by 1	 ex time 2320.68207693	picked by power	overlap 0.2
----------- OPTIMIZATION RESULTS -----------------
Chip =  base3
Chip frequencies and power levels =  [(1200.0, 14.0099), (1400.0, 15.665), (1600.0, 17.1876), (1800.0, 19.2831), (2000.0, 20.7333), (2200.0, 21.9087), (2400.0, 25.7721), (2600.0, 29.08), (2800.0, 33.0215), (3000.0, 37.8684), (3200.0, 41.9991), (3400.0, 48.727), (3600.0, 56.7207)]
Layout = [[2, 0.13, 0.1404], [1, 0.13718622325850055, 0.14758622325850054], [2, 0.1443724465170011, 0.1547724465170011], [2, 0.1443724465170011, 0.1404], [2, 0.13, 0.1547724465170011], [3, 0.12281377674149947, 0.14758622325850054], [1, 0.13718622325850055, 0.16195866977550163], [3, 0.12281377674149947, 0.16195866977550163], [1, 0.13718622325850055, 0.13321377674149945], [1, 0.15155866977550164, 0.14758622325850054], [3, 0.15155866977550164, 0.16195866977550163], [1, 0.15155866977550164, 0.13321377674149945], [3, 0.12281377674149947, 0.13321377674149945], [2, 0.1587448930340022, 0.1547724465170011], [2, 0.1587448930340022, 0.1404], [2, 0.1443724465170011, 0.1260275534829989], [2, 0.13, 0.1260275534829989], [2, 0.1587448930340022, 0.1260275534829989], [1, 0.16593111629250273, 0.14758622325850054], [2, 0.1443724465170011, 0.16914489303400218], [2, 0.1587448930340022, 0.16914489303400218], [2, 0.13, 0.16914489303400218], [3, 0.16593111629250273, 0.13321377674149945], [1, 0.16593111629250273, 0.16195866977550163], [2, 0.17311733955100328, 0.1547724465170011], [2, 0.17311733955100328, 0.1404]]
Topology =  [(0, 8), (0, 1), (0, 12), (0, 5), (1, 2), (1, 3), (1, 4), (2, 10), (2, 6), (2, 9), (3, 8), (3, 11), (3, 9), (4, 5), (4, 6), (4, 7), (6, 19), (6, 21), (7, 21), (8, 16), (8, 15), (9, 13), (9, 14), (10, 19), (10, 20), (10, 13), (11, 17), (11, 14), (11, 15), (12, 16), (13, 18), (13, 23), (14, 18), (14, 22), (17, 22), (18, 24), (18, 25), (20, 23), (22, 25), (23, 24)]
Number of edges =  40
Number of levels =  3
Diameter =  7
ASPL =  3.37846153846
Power budget =  1474.7387
Power distribution = [56.7207, 56.7207, 56.7207, 56.7207, 56.7207, 56.7207, 56.7207, 56.7207, 56.7207, 56.7207, 56.7207, 56.7207, 56.7207, 56.7207, 56.7207, 56.7207, 56.7207, 56.7207, 56.7207, 56.7207, 56.7207, 56.7207, 56.7207, 56.7207, 56.7207, 56.7207]
Frequency distribution = [3600.0, 3600.0, 3600.0, 3600.0, 3600.0, 3600.0, 3600.0, 3600.0, 3600.0, 3600.0, 3600.0, 3600.0, 3600.0, 3600.0, 3600.0, 3600.0, 3600.0, 3600.0, 3600.0, 3600.0, 3600.0, 3600.0, 3600.0, 3600.0, 3600.0, 3600.0]
Temperature = 86.8


trial 4	 add by 1	 ex time 2195.44281387	picked by power	overlap 0.2
----------- OPTIMIZATION RESULTS -----------------
Chip =  base3
Chip frequencies and power levels =  [(1200.0, 14.0099), (1400.0, 15.665), (1600.0, 17.1876), (1800.0, 19.2831), (2000.0, 20.7333), (2200.0, 21.9087), (2400.0, 25.7721), (2600.0, 29.08), (2800.0, 33.0215), (3000.0, 37.8684), (3200.0, 41.9991), (3400.0, 48.727), (3600.0, 56.7207)]
Layout = [[2, 0.13, 0.1404], [1, 0.13718622325850055, 0.14758622325850054], [2, 0.1443724465170011, 0.1547724465170011], [2, 0.13, 0.1547724465170011], [2, 0.1443724465170011, 0.1404], [1, 0.13718622325850055, 0.16195866977550163], [1, 0.15155866977550164, 0.14758622325850054], [3, 0.15155866977550164, 0.16195866977550163], [3, 0.12281377674149947, 0.14758622325850054], [1, 0.13718622325850055, 0.13321377674149945], [1, 0.12281377674149947, 0.13321377674149945], [1, 0.12281377674149947, 0.16195866977550163], [3, 0.15155866977550164, 0.13321377674149945], [2, 0.11562755348299893, 0.1404], [2, 0.13, 0.1260275534829989], [2, 0.11562755348299893, 0.1547724465170011], [2, 0.1443724465170011, 0.1260275534829989], [2, 0.11562755348299893, 0.1260275534829989], [2, 0.13, 0.16914489303400218], [2, 0.1443724465170011, 0.16914489303400218], [3, 0.10844133022449838, 0.14758622325850054], [3, 0.10844133022449838, 0.13321377674149945], [3, 0.10844133022449838, 0.16195866977550163], [2, 0.11562755348299893, 0.16914489303400218], [3, 0.13718622325850055, 0.11884133022449837], [3, 0.12281377674149947, 0.11884133022449837]]
Topology =  [(0, 8), (0, 1), (0, 10), (0, 9), (1, 2), (1, 3), (1, 4), (2, 5), (2, 6), (2, 7), (3, 8), (3, 11), (3, 5), (4, 12), (4, 6), (4, 9), (5, 19), (5, 18), (7, 19), (8, 13), (8, 15), (9, 16), (9, 14), (10, 17), (10, 13), (10, 14), (11, 23), (11, 18), (11, 15), (12, 16), (13, 20), (13, 21), (14, 24), (14, 25), (15, 20), (15, 22), (16, 24), (17, 25), (17, 21), (22, 23)]
Number of edges =  40
Number of levels =  3
Diameter =  7
ASPL =  3.37846153846
Power budget =  1474.7387
Power distribution = [56.7207, 56.7207, 56.7207, 56.7207, 56.7207, 56.7207, 56.7207, 56.7207, 56.7207, 56.7207, 56.7207, 56.7207, 56.7207, 56.7207, 56.7207, 56.7207, 56.7207, 56.7207, 56.7207, 56.7207, 56.7207, 56.7207, 56.7207, 56.7207, 56.7207, 56.7207]
Frequency distribution = [3600.0, 3600.0, 3600.0, 3600.0, 3600.0, 3600.0, 3600.0, 3600.0, 3600.0, 3600.0, 3600.0, 3600.0, 3600.0, 3600.0, 3600.0, 3600.0, 3600.0, 3600.0, 3600.0, 3600.0, 3600.0, 3600.0, 3600.0, 3600.0, 3600.0, 3600.0]
Temperature = 83.04


trial 5	 add by 1	 ex time 2574.32674193	picked by power	overlap 0.2


trial 6	 add by 1	 ex time 6887.01185107	picked by power	overlap 0.2


trial 7	 add by 1	 ex time 5399.8116529	picked by power	overlap 0.2


trial 8	 add by 1	 ex time 21903.5518241	picked by power	overlap 0.2


trial 9	 add by 1	 ex time 2178.47637105	picked by power	overlap 0.2
----------- OPTIMIZATION RESULTS -----------------
Chip =  base3
Chip frequencies and power levels =  [(1200.0, 14.0099), (1400.0, 15.665), (1600.0, 17.1876), (1800.0, 19.2831), (2000.0, 20.7333), (2200.0, 21.9087), (2400.0, 25.7721), (2600.0, 29.08), (2800.0, 33.0215), (3000.0, 37.8684), (3200.0, 41.9991), (3400.0, 48.727), (3600.0, 56.7207)]
Layout = [[2, 0.13, 0.1404], [1, 0.13718622325850055, 0.14758622325850054], [2, 0.1443724465170011, 0.1547724465170011], [2, 0.1443724465170011, 0.1404], [2, 0.13, 0.1547724465170011], [1, 0.15155866977550164, 0.14758622325850054], [1, 0.13718622325850055, 0.13321377674149945], [3, 0.15155866977550164, 0.13321377674149945], [1, 0.13718622325850055, 0.16195866977550163], [3, 0.12281377674149947, 0.14758622325850054], [1, 0.12281377674149947, 0.13321377674149945], [1, 0.12281377674149947, 0.16195866977550163], [3, 0.15155866977550164, 0.16195866977550163], [2, 0.13, 0.1260275534829989], [2, 0.1443724465170011, 0.1260275534829989], [2, 0.11562755348299893, 0.1404], [2, 0.11562755348299893, 0.1547724465170011], [2, 0.11562755348299893, 0.1260275534829989], [2, 0.13, 0.16914489303400218], [3, 0.10844133022449838, 0.14758622325850054], [2, 0.1443724465170011, 0.16914489303400218], [3, 0.10844133022449838, 0.13321377674149945], [3, 0.10844133022449838, 0.16195866977550163], [2, 0.11562755348299893, 0.16914489303400218], [3, 0.13718622325850055, 0.11884133022449837], [3, 0.12281377674149947, 0.11884133022449837]]
Topology =  [(0, 1), (0, 10), (0, 6), (0, 9), (1, 2), (1, 3), (1, 4), (2, 8), (2, 12), (2, 5), (3, 5), (3, 6), (3, 7), (4, 8), (4, 11), (4, 9), (6, 13), (6, 14), (7, 14), (8, 20), (8, 18), (9, 16), (9, 15), (10, 17), (10, 13), (10, 15), (11, 16), (11, 18), (11, 23), (12, 20), (13, 24), (13, 25), (14, 24), (15, 19), (15, 21), (16, 19), (16, 22), (17, 25), (17, 21), (22, 23)]
Number of edges =  40
Number of levels =  3
Diameter =  7
ASPL =  3.37846153846
Power budget =  1474.7387
Power distribution = [56.7207, 56.7207, 56.7207, 56.7207, 56.7207, 56.7207, 56.7207, 56.7207, 56.7207, 56.7207, 56.7207, 56.7207, 56.7207, 56.7207, 56.7207, 56.7207, 56.7207, 56.7207, 56.7207, 56.7207, 56.7207, 56.7207, 56.7207, 56.7207, 56.7207, 56.7207]
Frequency distribution = [3600.0, 3600.0, 3600.0, 3600.0, 3600.0, 3600.0, 3600.0, 3600.0, 3600.0, 3600.0, 3600.0, 3600.0, 3600.0, 3600.0, 3600.0, 3600.0, 3600.0, 3600.0, 3600.0, 3600.0, 3600.0, 3600.0, 3600.0, 3600.0, 3600.0, 3600.0]
Temperature = 83.04


trial 10	 add by 1	 ex time 5407.98102784	picked by power	overlap 0.2


trial 1	 add by 1	 ex time 40769.760798	picked by power	overlap 0.2


trial 2	 add by 1	 ex time 2392.16605306	picked by power	overlap 0.2
----------- OPTIMIZATION RESULTS -----------------
Chip =  base3
Chip frequencies and power levels =  [(1200.0, 14.0099), (1400.0, 15.665), (1600.0, 17.1876), (1800.0, 19.2831), (2000.0, 20.7333), (2200.0, 21.9087), (2400.0, 25.7721), (2600.0, 29.08), (2800.0, 33.0215), (3000.0, 37.8684), (3200.0, 41.9991), (3400.0, 48.727), (3600.0, 56.7207)]
Layout = [[2, 0.13, 0.1404], [1, 0.13718622325850055, 0.14758622325850054], [2, 0.1443724465170011, 0.1547724465170011], [2, 0.13, 0.1547724465170011], [2, 0.1443724465170011, 0.1404], [1, 0.12281377674149947, 0.14758622325850054], [1, 0.13718622325850055, 0.16195866977550163], [3, 0.12281377674149947, 0.16195866977550163], [1, 0.13718622325850055, 0.13321377674149945], [3, 0.15155866977550164, 0.14758622325850054], [3, 0.12281377674149947, 0.13321377674149945], [3, 0.15155866977550164, 0.16195866977550163], [3, 0.15155866977550164, 0.13321377674149945], [2, 0.11562755348299893, 0.1404], [2, 0.13, 0.1260275534829989], [2, 0.1443724465170011, 0.1260275534829989], [2, 0.11562755348299893, 0.1260275534829989], [2, 0.11562755348299893, 0.1547724465170011], [3, 0.10844133022449838, 0.14758622325850054], [3, 0.13718622325850055, 0.11884133022449837], [1, 0.10844133022449838, 0.13321377674149945], [3, 0.12281377674149947, 0.11884133022449837], [1, 0.10844133022449838, 0.11884133022449837], [1, 0.10844133022449838, 0.16195866977550163], [3, 0.15155866977550164, 0.11884133022449837], [2, 0.13, 0.16914489303400218], [2, 0.10125510696599783, 0.1404]]
Topology =  [(0, 8), (0, 1), (0, 10), (0, 5), (1, 2), (1, 3), (1, 4), (2, 11), (2, 6), (2, 9), (3, 5), (3, 6), (3, 7), (4, 8), (4, 12), (4, 9), (5, 17), (5, 13), (6, 25), (7, 17), (7, 25), (8, 14), (8, 15), (10, 16), (10, 13), (10, 14), (12, 15), (13, 18), (13, 20), (14, 19), (14, 21), (15, 24), (15, 19), (16, 20), (16, 21), (16, 22), (17, 18), (17, 23), (18, 26), (20, 26)]
Number of edges =  40
Number of levels =  3
Diameter =  7
ASPL =  3.47578347578
Power budget =  1531.4594
Power distribution = [56.7207, 56.7207, 56.7207, 56.7207, 56.7207, 56.7207, 56.7207, 56.7207, 56.7207, 56.7207, 56.7207, 56.7207, 56.7207, 56.7207, 56.7207, 56.7207, 56.7207, 56.7207, 56.7207, 56.7207, 56.7207, 56.7207, 56.7207, 56.7207, 56.7207, 56.7207, 56.7207]
Frequency distribution = [3600.0, 3600.0, 3600.0, 3600.0, 3600.0, 3600.0, 3600.0, 3600.0, 3600.0, 3600.0, 3600.0, 3600.0, 3600.0, 3600.0, 3600.0, 3600.0, 3600.0, 3600.0, 3600.0, 3600.0, 3600.0, 3600.0, 3600.0, 3600.0, 3600.0, 3600.0, 3600.0]
Temperature = 81.52


trial 3	 add by 1	 ex time 3138.83307981	picked by power	overlap 0.2


trial 4	 add by 1	 ex time 2632.81683707	picked by power	overlap 0.2


trial 5	 add by 1	 ex time 11163.10934	picked by power	overlap 0.2


trial 6	 add by 1	 ex time 28698.6859	picked by power	overlap 0.2


trial 7	 add by 1	 ex time 35876.974571	picked by power	overlap 0.2


trial 8	 add by 1	 ex time 11326.6195738	picked by power	overlap 0.2


trial 9	 add by 1	 ex time 247738.64861	picked by power	overlap 0.2

