raw output


trial 1	 add by 1	 ex time 1512.37191081	picked by network	overlap 0.15	 chip typebase3
----------- OPTIMIZATION RESULTS -----------------
Chip =  base3
Num Chips =  15
Overlap =  0.25
Chip frequencies and power levels =  [(1200.0, 14.0099), (1400.0, 15.665), (1600.0, 17.1876), (1800.0, 19.2831), (2000.0, 20.7333), (2200.0, 21.9087), (2400.0, 25.7721), (2600.0, 29.08), (2800.0, 33.0215), (3000.0, 37.8684), (3200.0, 41.9991), (3400.0, 48.727), (3600.0, 56.7207)]
Layout = [[2, 0.13, 0.14105], [1, 0.13796512164993036, 0.14901512164993036], [2, 0.1459302432998607, 0.1569802432998607], [2, 0.14446512164993036, 0.14251512164993035], [2, 0.13146512164993035, 0.15551512164993037], [3, 0.1394302432998607, 0.16348024329986072], [4, 0.1459302432998607, 0.16998024329986072], [1, 0.1524302432998607, 0.1504802432998607], [3, 0.12496512164993036, 0.16201512164993037], [2, 0.11846512164993035, 0.15551512164993037], [3, 0.1365, 0.13455], [4, 0.1329302432998607, 0.16998024329986072], [1, 0.12496512164993036, 0.14901512164993036], [4, 0.13, 0.12805], [1, 0.12350000000000001, 0.13455]]
Topology =  [(0, 1), (0, 10), (0, 12), (0, 14), (1, 2), (1, 3), (1, 4), (2, 5), (2, 7), (3, 10), (3, 7), (4, 8), (4, 12), (4, 5), (5, 11), (5, 6), (8, 9), (8, 11), (9, 12), (10, 13)]
Number of edges =  20
Number of levels =  4
Diameter =  6
ASPL =  2.68571428571
Power budget =  850.8108
Power distribution = [56.7207, 56.7207, 56.7207, 56.7207, 56.7207, 56.7207, 56.7207, 56.7207, 56.7207, 56.7207, 56.7207, 56.7207, 56.7207, 56.7207, 56.7207]
Frequency distribution = [3600.0, 3600.0, 3600.0, 3600.0, 3600.0, 3600.0, 3600.0, 3600.0, 3600.0, 3600.0, 3600.0, 3600.0, 3600.0, 3600.0, 3600.0]
Temperature = 60.99


trial 1	 add by 1	 ex time 1573.19635797	picked by network	overlap 0.2	 chip typebase3
----------- OPTIMIZATION RESULTS -----------------
Chip =  base3
Num Chips =  15
Overlap =  0.25
Chip frequencies and power levels =  [(1200.0, 14.0099), (1400.0, 15.665), (1600.0, 17.1876), (1800.0, 19.2831), (2000.0, 20.7333), (2200.0, 21.9087), (2400.0, 25.7721), (2600.0, 29.08), (2800.0, 33.0215), (3000.0, 37.8684), (3200.0, 41.9991), (3400.0, 48.727), (3600.0, 56.7207)]
Layout = [[2, 0.13, 0.1404], [1, 0.13718622325850055, 0.14758622325850054], [2, 0.1443724465170011, 0.1547724465170011], [3, 0.1378724465170011, 0.1612724465170011], [2, 0.13068622325850054, 0.15408622325850055], [3, 0.12418622325850055, 0.14758622325850054], [4, 0.1443724465170011, 0.1677724465170011], [2, 0.13137244651700108, 0.1677724465170011], [1, 0.1508724465170011, 0.14827244651700108], [3, 0.1508724465170011, 0.1742724465170011], [2, 0.1443724465170011, 0.1807724465170011], [4, 0.1573724465170011, 0.1807724465170011], [1, 0.12418622325850055, 0.16058622325850055], [3, 0.1378724465170011, 0.18727244651700112], [5, 0.1508724465170011, 0.1612724465170011]]
Topology =  [(0, 1), (0, 5), (1, 2), (1, 4), (2, 8), (2, 3), (3, 4), (3, 6), (3, 7), (4, 12), (4, 5), (6, 9), (6, 14), (7, 12), (9, 10), (9, 11), (10, 13)]
Number of edges =  17
Number of levels =  5
Diameter =  7
ASPL =  3.10476190476
Power budget =  850.8108
Power distribution = [56.7207, 56.7207, 56.7207, 56.7207, 56.7207, 56.7207, 56.7207, 56.7207, 56.7207, 56.7207, 56.7207, 56.7207, 56.7207, 56.7207, 56.7207]
Frequency distribution = [3600.0, 3600.0, 3600.0, 3600.0, 3600.0, 3600.0, 3600.0, 3600.0, 3600.0, 3600.0, 3600.0, 3600.0, 3600.0, 3600.0, 3600.0]
Temperature = 53.03


trial 1	 add by 1	 ex time 2018.52220821	picked by network	overlap 0.25	 chip typebase3
----------- OPTIMIZATION RESULTS -----------------
Chip =  base3
Num Chips =  15
Overlap =  0.25
Chip frequencies and power levels =  [(1200.0, 14.0099), (1400.0, 15.665), (1600.0, 17.1876), (1800.0, 19.2831), (2000.0, 20.7333), (2200.0, 21.9087), (2400.0, 25.7721), (2600.0, 29.08), (2800.0, 33.0215), (3000.0, 37.8684), (3200.0, 41.9991), (3400.0, 48.727), (3600.0, 56.7207)]
Layout = [[2, 0.13, 0.13975], [1, 0.1365, 0.14625], [2, 0.14300000000000002, 0.15275], [3, 0.1365, 0.15925], [1, 0.12350000000000001, 0.13325], [4, 0.13, 0.15275], [3, 0.12350000000000001, 0.14625], [4, 0.13, 0.16575], [3, 0.12350000000000001, 0.15925], [5, 0.1365, 0.14625], [2, 0.117, 0.12675], [2, 0.117, 0.15275], [2, 0.14300000000000002, 0.16575], [1, 0.11050000000000001, 0.14625], [2, 0.117, 0.13974999999999999]]
Topology =  [(0, 1), (0, 4), (0, 6), (1, 2), (2, 3), (3, 12), (3, 5), (3, 7), (4, 10), (4, 14), (5, 8), (5, 9), (5, 6), (6, 11), (6, 14), (7, 8), (8, 11), (11, 13), (13, 14)]
Number of edges =  19
Number of levels =  5
Diameter =  6
ASPL =  2.72380952381
Power budget =  850.8108
Power distribution = [56.7207, 56.7207, 56.7207, 56.7207, 56.7207, 56.7207, 56.7207, 56.7207, 56.7207, 56.7207, 56.7207, 56.7207, 56.7207, 56.7207, 56.7207]
Frequency distribution = [3600.0, 3600.0, 3600.0, 3600.0, 3600.0, 3600.0, 3600.0, 3600.0, 3600.0, 3600.0, 3600.0, 3600.0, 3600.0, 3600.0, 3600.0]
Temperature = 59.12

