trial	chips_added_at_a_time	execution_time	edges	levels	diameter	ASPL	power	frequency	tempurature	picked_by	overlap	numchips	candidates
1	3	890.885404825	10	4	6	2.44444444444	56.7207	3600.0	47.7	power	0.2	9	15
2	3	738.008768082	10	4	4	2.22222222222	56.7207	3600.0	47.9	power	0.2	9	15
3	3	1062.10799599	9	4	5	2.33333333333	41.9991	3200.0	44.25	power	0.2	9	15
4	3	808.096446991	11	3	4	2.11111111111	56.7207	3600.0	49.47	power	0.2	9	15
5	3	836.201169014	9	4	5	2.38888888889	56.7207	3600.0	49.65	power	0.2	9	15
6	3	605.488904953	10	5	5	2.33333333333	56.7207	3600.0	47.26	power	0.2	9	15
7	3	834.406574011	11	3	4	2.11111111111	56.7207	3600.0	49.26	power	0.2	9	15
8	3	959.933876038	11	3	5	2.22222222222	56.7207	3600.0	48.62	power	0.2	9	15
9	3	737.597954035	9	4	5	2.38888888889	56.7207	3600.0	47.77	power	0.2	9	15
10	3	777.68889308	11	3	5	2.16666666667	41.9991	3200.0	44.51	power	0.2	9	15
1	3	1123.85347414	10	4	4	2.16666666667	56.7207	3600.0	49.8	power	0.2	9	16
2	3	878.112756968	9	4	4	2.38888888889	56.7207	3600.0	47.52	power	0.2	9	16
3	3	1050.05494285	11	3	4	2.05555555556	41.9991	3200.0	46.19	power	0.2	9	16
4	3	938.291473866	10	2	4	2.11111111111	41.9991	3200.0	49.52	power	0.2	9	16
5	3	836.339898109	11	2	4	2.05555555556	41.9991	3200.0	48.32	power	0.2	9	16
6	3	972.769198895	10	3	6	2.44444444444	56.7207	3600.0	48.32	power	0.2	9	16
7	3	823.385308981	9	2	5	2.5	56.7207	3600.0	49.66	power	0.2	9	16
8	3	1204.44581294	10	3	4	2.22222222222	41.9991	3200.0	45.25	power	0.2	9	16
9	3	728.805435181	9	3	6	2.66666666667	56.7207	3600.0	49.3	power	0.2	9	16
10	3	834.919718981	10	3	4	2.16666666667	56.7207	3600.0	49.58	power	0.2	9	16
1	3	1021.91287708	12	3	4	2.0	41.9991	3200.0	44.55	power	0.2	9	17
2	3	1190.12742782	11	3	5	2.16666666667	56.7207	3600.0	49.75	power	0.2	9	17
3	3	898.027434826	9	3	5	2.33333333333	56.7207	3600.0	49.85	power	0.2	9	17
4	3	586.003551006	9	3	4	2.33333333333	56.7207	3600.0	49.51	power	0.2	9	17
5	3	852.087044954	10	4	5	2.27777777778	56.7207	3600.0	49.96	power	0.2	9	17
6	3	1101.52702594	10	4	4	2.22222222222	56.7207	3600.0	49.11	power	0.2	9	17
7	3	1004.11161304	11	3	4	2.05555555556	56.7207	3600.0	49.77	power	0.2	9	17
8	3	1112.78404093	11	3	4	2.05555555556	41.9991	3200.0	47.85	power	0.2	9	17
9	3	1133.47138405	11	4	5	2.16666666667	56.7207	3600.0	49.89	power	0.2	9	17
10	3	1079.48022413	11	3	4	2.05555555556	41.9991	3200.0	46.55	power	0.2	9	17
1	3	889.719655037	10	4	4	2.16666666667	56.7207	3600.0	49.61	power	0.2	9	18
2	3	1000.51466799	9	4	4	2.33333333333	56.7207	3600.0	47.61	power	0.2	9	18
3	3	1084.75087309	11	3	4	2.11111111111	41.9991	3200.0	45.19	power	0.2	9	18
4	3	779.728262901	10	3	5	2.27777777778	41.9991	3200.0	45.59	power	0.2	9	18
5	3	908.257895947	10	3	5	2.27777777778	56.7207	3600.0	48.42	power	0.2	9	18
6	3	981.961897135	10	3	5	2.27777777778	56.7207	3600.0	49.28	power	0.2	9	18
7	3	1105.70182896	11	4	4	2.11111111111	56.7207	3600.0	49.04	power	0.2	9	18
8	3	856.311291933	11	3	4	2.11111111111	41.9991	3200.0	45.64	power	0.2	9	18
9	3	1109.94029117	11	3	5	2.22222222222	56.7207	3600.0	49.1	power	0.2	9	18
10	3	840.550026178	11	3	4	2.11111111111	56.7207	3600.0	49.42	power	0.2	9	18
1	3	976.629348993	10	3	5	2.27777777778	56.7207	3600.0	48.54	power	0.2	9	19
2	3	1131.3481791	11	3	4	2.11111111111	41.9991	3200.0	45.11	power	0.2	9	19
3	3	1018.7832849	9	4	5	2.33333333333	56.7207	3600.0	49.86	power	0.2	9	19
4	3	744.896529913	10	3	4	2.11111111111	56.7207	3600.0	49.63	power	0.2	9	19
5	3	1098.46057796	11	3	5	2.16666666667	56.7207	3600.0	49.79	power	0.2	9	19
6	3	1115.04737997	10	4	5	2.27777777778	41.9991	3200.0	45.5	power	0.2	9	19
7	3	978.653810978	12	3	4	2.0	56.7207	3600.0	49.5	power	0.2	9	19
8	3	839.648354053	10	3	4	2.16666666667	56.7207	3600.0	49.3	power	0.2	9	19
9	3	1065.60264587	11	3	4	2.11111111111	56.7207	3600.0	49.62	power	0.2	9	19
10	3	1056.40471196	11	2	4	2.05555555556	41.9991	3200.0	48.33	power	0.2	9	19
1	2	1306.52513194	11	3	4	2.11111111111	56.7207	3600.0	49.25	power	0.2	9	12
2	2	926.833905935	11	3	4	2.05555555556	41.9991	3200.0	45.84	power	0.2	9	12
3	2	1063.54032493	9	4	5	2.33333333333	56.7207	3600.0	49.31	power	0.2	9	12
4	2	902.558738947	11	3	4	2.05555555556	41.9991	3200.0	46.62	power	0.2	9	12
5	2	1183.10566282	11	3	4	2.05555555556	56.7207	3600.0	49.69	power	0.2	9	12
6	2	1151.2917769	10	3	4	2.11111111111	41.9991	3200.0	47.33	power	0.2	9	12
7	2	681.527425051	12	3	4	2.0	56.7207	3600.0	49.46	power	0.2	9	12
8	2	718.859474897	11	4	4	2.05555555556	56.7207	3600.0	48.12	power	0.2	9	12
9	2	1194.40737414	10	3	4	2.16666666667	56.7207	3600.0	49.59	power	0.2	9	12
10	2	882.742502928	11	3	4	2.05555555556	41.9991	3200.0	44.65	power	0.2	9	12
1	2	1023.59282899	10	3	5	2.22222222222	56.7207	3600.0	49.14	power	0.2	9	13
2	2	1060.79125094	10	5	5	2.33333333333	56.7207	3600.0	46.48	power	0.2	9	13
3	2	890.014410019	11	2	4	2.11111111111	41.9991	3200.0	44.93	power	0.2	9	13
4	2	955.157332897	10	3	4	2.16666666667	56.7207	3600.0	49.61	power	0.2	9	13
5	2	1179.24152684	11	3	4	2.11111111111	41.9991	3200.0	45.04	power	0.2	9	13
6	2	1147.67320085	12	3	4	2.0	41.9991	3200.0	45.47	power	0.2	9	13
7	2	1075.9688611	10	3	4	2.22222222222	41.9991	3200.0	45.18	power	0.2	9	13
8	2	839.230119944	11	3	4	2.05555555556	41.9991	3200.0	46.15	power	0.2	9	13
9	2	1006.42229486	9	5	5	2.5	56.7207	3600.0	49.04	power	0.2	9	13
10	2	1152.60419798	9	3	4	2.22222222222	41.9991	3200.0	46.39	power	0.2	9	13
1	2	1014.97795415	10	3	4	2.16666666667	56.7207	3600.0	49.59	power	0.2	9	14
2	2	1237.48799205	10	3	6	2.44444444444	56.7207	3600.0	48.27	power	0.2	9	14
3	2	1090.10538912	11	3	5	2.16666666667	41.9991	3200.0	47.02	power	0.2	9	14
4	2	1371.27324796	9	4	4	2.22222222222	56.7207	3600.0	48.89	power	0.2	9	14
5	2	1267.37821007	11	3	4	2.05555555556	41.9991	3200.0	44.97	power	0.2	9	14
6	2	1267.65964293	10	3	4	2.16666666667	56.7207	3600.0	49.59	power	0.2	9	14
7	2	1114.07136488	10	4	4	2.16666666667	56.7207	3600.0	47.72	power	0.2	9	14
8	2	1174.87497497	11	4	4	2.05555555556	56.7207	3600.0	48.58	power	0.2	9	14
9	2	1328.26560402	10	4	4	2.16666666667	41.9991	3200.0	44.01	power	0.2	9	14
10	2	1605.21774602	9	3	5	2.33333333333	56.7207	3600.0	49.14	power	0.2	9	14
1	2	1431.69679999	11	3	4	2.05555555556	56.7207	3600.0	49.7	power	0.2	9	15
2	2	1342.77577519	10	4	4	2.16666666667	56.7207	3600.0	48.38	power	0.2	9	15
3	2	1387.39545488	10	3	5	2.33333333333	56.7207	3600.0	48.95	power	0.2	9	15
4	2	916.908515215	10	3	5	2.27777777778	56.7207	3600.0	48.52	power	0.2	9	15
5	2	1335.04112411	9	3	5	2.38888888889	56.7207	3600.0	49.52	power	0.2	9	15
6	2	1183.609061	10	3	5	2.27777777778	56.7207	3600.0	48.36	power	0.2	9	15
7	2	1185.92049217	11	3	4	2.05555555556	41.9991	3200.0	46.39	power	0.2	9	15
8	2	1176.25000882	11	3	4	2.05555555556	41.9991	3200.0	43.57	power	0.2	9	15
9	2	1499.27911806	11	3	5	2.16666666667	56.7207	3600.0	49.31	power	0.2	9	15
10	2	1459.031847	9	3	5	2.38888888889	56.7207	3600.0	48.63	power	0.2	9	15
1	2	1419.25405407	11	4	4	2.11111111111	41.9991	3200.0	43.88	power	0.2	9	16
2	2	1418.67434382	11	3	4	2.05555555556	56.7207	3600.0	49.56	power	0.2	9	16
3	2	1430.81867599	10	3	4	2.22222222222	41.9991	3200.0	45.32	power	0.2	9	16
4	2	962.165229082	11	3	4	2.11111111111	56.7207	3600.0	49.39	power	0.2	9	16
5	2	1511.170748	10	4	5	2.27777777778	56.7207	3600.0	50.0	power	0.2	9	16
6	2	1689.91523194	10	3	4	2.11111111111	41.9991	3200.0	47.61	power	0.2	9	16
7	2	1283.00180888	10	3	4	2.16666666667	56.7207	3600.0	49.83	power	0.2	9	16
8	2	1482.87325597	10	4	4	2.16666666667	41.9991	3200.0	45.03	power	0.2	9	16
9	2	1330.68330503	11	3	5	2.16666666667	41.9991	3200.0	44.9	power	0.2	9	16
10	2	1087.81299806	10	3	5	2.22222222222	56.7207	3600.0	49.0	power	0.2	9	16
1	1	1124.99815202	10	4	5	2.22222222222	56.7207	3600.0	49.67	power	0.2	9	7
2	1	1307.77097583	11	3	4	2.05555555556	41.9991	3200.0	46.26	power	0.2	9	7
3	1	995.950043917	10	3	4	2.16666666667	56.7207	3600.0	49.81	power	0.2	9	7
4	1	1161.09715319	10	4	4	2.22222222222	56.7207	3600.0	48.29	power	0.2	9	7
5	1	866.387633085	12	3	4	2.0	41.9991	3200.0	45.28	power	0.2	9	7
6	1	1326.53316116	10	3	5	2.27777777778	56.7207	3600.0	48.77	power	0.2	9	7
7	1	976.300101995	11	3	5	2.16666666667	56.7207	3600.0	49.1	power	0.2	9	7
8	1	1247.01592994	12	3	4	2.0	41.9991	3200.0	45.24	power	0.2	9	7
9	1	1437.34604192	11	3	4	2.05555555556	41.9991	3200.0	46.4	power	0.2	9	7
10	1	1177.27030802	10	3	4	2.16666666667	41.9991	3200.0	44.93	power	0.2	9	7
1	1	1029.09133291	9	3	4	2.22222222222	56.7207	3600.0	49.77	power	0.2	9	8
2	1	848.508435965	9	4	4	2.22222222222	56.7207	3600.0	48.1	power	0.2	9	8
3	1	1227.60092211	11	3	5	2.16666666667	56.7207	3600.0	49.1	power	0.2	9	8
4	1	1210.50223804	10	3	5	2.27777777778	56.7207	3600.0	48.64	power	0.2	9	8
5	1	1042.16719484	11	4	4	2.05555555556	56.7207	3600.0	48.22	power	0.2	9	8
6	1	712.296216011	10	3	4	2.16666666667	56.7207	3600.0	49.39	power	0.2	9	8
7	1	731.693632126	11	3	4	2.11111111111	56.7207	3600.0	48.43	power	0.2	9	8
8	1	912.220999002	12	3	4	2.0	56.7207	3600.0	49.02	power	0.2	9	8
9	1	1929.39685607	10	4	4	2.16666666667	41.9991	3200.0	45.39	power	0.2	9	8
10	1	1038.28055	11	4	4	2.05555555556	56.7207	3600.0	48.22	power	0.2	9	8
1	1	1576.25735283	11	3	4	2.11111111111	41.9991	3200.0	45.08	power	0.2	9	9
2	1	1338.64346504	10	3	4	2.22222222222	41.9991	3200.0	44.18	power	0.2	9	9
3	1	1103.75995684	11	3	4	2.11111111111	56.7207	3600.0	49.77	power	0.2	9	9
4	1	1095.60809708	11	3	5	2.16666666667	56.7207	3600.0	49.16	power	0.2	9	9
5	1	1572.47545695	10	3	4	2.22222222222	41.9991	3200.0	45.56	power	0.2	9	9
6	1	1338.61059213	11	2	4	2.05555555556	41.9991	3200.0	45.41	power	0.2	9	9
7	1	1842.22880292	11	3	5	2.16666666667	56.7207	3600.0	49.39	power	0.2	9	9
8	1	1464.7906909	11	3	5	2.16666666667	56.7207	3600.0	49.93	power	0.2	9	9
9	1	1921.0554471	11	3	4	2.05555555556	41.9991	3200.0	46.43	power	0.2	9	9
10	1	1527.79354405	8	4	5	2.55555555556	56.7207	3600.0	49.45	power	0.2	9	9
1	1	1745.34076285	11	4	5	2.16666666667	56.7207	3600.0	47.79	power	0.2	9	10
2	1	1627.53313589	10	3	5	2.27777777778	56.7207	3600.0	49.09	power	0.2	9	10
3	1	2012.82780099	11	3	4	2.11111111111	41.9991	3200.0	45.22	power	0.2	9	10
4	1	1396.734447	11	3	5	2.16666666667	56.7207	3600.0	48.86	power	0.2	9	10
5	1	1976.99845695	11	3	4	2.05555555556	41.9991	3200.0	44.78	power	0.2	9	10
6	1	1437.12863588	11	3	4	2.05555555556	56.7207	3600.0	49.8	power	0.2	9	10
7	1	1501.79275513	10	4	5	2.22222222222	56.7207	3600.0	48.43	power	0.2	9	10
8	1	1326.625108	10	3	5	2.22222222222	56.7207	3600.0	49.21	power	0.2	9	10
9	1	1802.59498882	11	3	5	2.16666666667	56.7207	3600.0	49.18	power	0.2	9	10
10	1	1333.16660404	10	3	4	2.11111111111	56.7207	3600.0	49.63	power	0.2	9	10
1	1	1471.29447818	11	3	4	2.11111111111	41.9991	3200.0	44.65	power	0.2	9	11
2	1	1972.897789	11	3	4	2.05555555556	41.9991	3200.0	46.18	power	0.2	9	11
3	1	1300.3147912	11	3	4	2.11111111111	56.7207	3600.0	49.51	power	0.2	9	11
4	1	1649.30925202	11	3	5	2.16666666667	56.7207	3600.0	49.1	power	0.2	9	11
5	1	1906.56739187	11	4	5	2.16666666667	56.7207	3600.0	47.79	power	0.2	9	11
6	1	1730.59279513	11	4	5	2.16666666667	56.7207	3600.0	47.79	power	0.2	9	11
7	1	1091.297539	11	3	4	2.11111111111	56.7207	3600.0	49.76	power	0.2	9	11
8	1	2454.72599983	9	4	4	2.33333333333	41.9991	3200.0	44.61	power	0.2	9	11
9	1	1569.10449696	12	3	4	2.0	41.9991	3200.0	45.16	power	0.2	9	11
10	1	2049.15389299	12	3	4	2.0	41.9991	3200.0	45.52	power	0.2	9	11
1	cradle	1202.5660882	12	4	4	2.0	56.7207	3600.0	49.8	power	0.2	9	26
2	cradle	1169.50481105	12	4	4	2.0	56.7207	3600.0	49.8	power	0.2	9	26
3	cradle	1017.7309351	11	3	5	2.16666666667	56.7207	3600.0	48.44	power	0.2	9	26
4	cradle	1107.91645598	12	4	4	2.0	56.7207	3600.0	49.8	power	0.2	9	26
5	cradle	929.426723957	12	4	4	2.0	56.7207	3600.0	47.48	power	0.2	9	26
6	cradle	849.088572025	12	4	4	2.0	56.7207	3600.0	47.48	power	0.2	9	26
7	cradle	867.496854067	11	3	5	2.22222222222	56.7207	3600.0	48.21	power	0.2	9	26
8	cradle	1351.15424109	11	3	5	2.16666666667	56.7207	3600.0	49.77	power	0.2	9	26
9	cradle	1007.54728603	12	4	4	2.0	56.7207	3600.0	47.48	power	0.2	9	26
10	cradle	900.71876502	12	3	4	2.0	56.7207	3600.0	49.02	power	0.2	9	26
1	cradle	997.587219	12	4	4	2.0	56.7207	3600.0	47.48	power	0.2	9	27
2	cradle	1414.89291382	11	3	5	2.16666666667	56.7207	3600.0	49.77	power	0.2	9	27
3	cradle	1153.26354289	12	3	4	2.0	56.7207	3600.0	49.91	power	0.2	9	27
4	cradle	808.359050035	12	4	4	2.0	56.7207	3600.0	47.48	power	0.2	9	27
5	cradle	1654.46622801	12	3	4	2.0	56.7207	3600.0	49.91	power	0.2	9	27
6	cradle	932.309435129	12	3	4	2.0	56.7207	3600.0	49.02	power	0.2	9	27
7	cradle	588.017585993	10	4	5	2.38888888889	56.7207	3600.0	46.32	power	0.2	9	27
8	cradle	1232.22266102	12	3	4	2.0	41.9991	3200.0	45.49	power	0.2	9	27
9	cradle	1260.00190687	12	4	4	2.0	56.7207	3600.0	49.8	power	0.2	9	27
10	cradle	949.968285084	12	3	4	2.0	56.7207	3600.0	49.02	power	0.2	9	27
1	cradle	1282.04353094	11	3	5	2.16666666667	56.7207	3600.0	49.32	power	0.2	9	28
2	cradle	1072.352736	12	4	4	2.0	56.7207	3600.0	47.48	power	0.2	9	28
3	cradle	1001.80501986	12	3	4	2.0	56.7207	3600.0	49.91	power	0.2	9	28
4	cradle	1069.99242401	12	3	4	2.0	56.7207	3600.0	49.02	power	0.2	9	28
5	cradle	1144.08627105	12	4	4	2.0	56.7207	3600.0	49.8	power	0.2	9	28
6	cradle	1253.12989402	12	3	4	2.0	56.7207	3600.0	49.91	power	0.2	9	28
7	cradle	1169.20258808	12	4	4	2.0	56.7207	3600.0	49.8	power	0.2	9	28
8	cradle	976.577807188	11	3	5	2.16666666667	56.7207	3600.0	48.67	power	0.2	9	28
9	cradle	1316.7336781	12	3	4	2.0	56.7207	3600.0	49.91	power	0.2	9	28
10	cradle	1073.74446797	12	4	4	2.0	56.7207	3600.0	47.48	power	0.2	9	28
1	cradle	1159.21864605	12	4	4	2.0	56.7207	3600.0	47.48	power	0.2	9	29
2	cradle	1129.49712801	12	4	4	2.0	56.7207	3600.0	47.48	power	0.2	9	29
3	cradle	169399.189734	0	0	0	0	0	0	0	power	0.2	9	29
4	cradle	919.060189962	12	4	4	2.0	56.7207	3600.0	49.8	power	0.2	9	29
5	cradle	747.696587086	10	3	6	2.55555555556	56.7207	3600.0	45.99	power	0.2	9	29
6	cradle	947.470526934	12	3	4	2.0	56.7207	3600.0	49.02	power	0.2	9	29
7	cradle	1089.70476699	12	4	4	2.0	56.7207	3600.0	47.48	power	0.2	9	29
8	cradle	1044.04946709	12	4	4	2.0	56.7207	3600.0	49.8	power	0.2	9	29
9	cradle	1229.44858503	12	3	4	2.0	56.7207	3600.0	49.25	power	0.2	9	29
10	cradle	1055.97087002	10	2	5	2.38888888889	56.7207	3600.0	48.37	power	0.2	9	29
1	cradle	1049.80556011	12	3	4	2.0	56.7207	3600.0	49.02	power	0.2	9	30
2	cradle	1163.34815502	12	4	4	2.0	56.7207	3600.0	47.48	power	0.2	9	30
3	cradle	1039.87153101	12	4	4	2.0	56.7207	3600.0	47.48	power	0.2	9	30
4	cradle	1627.70012712	12	4	4	2.0	56.7207	3600.0	49.8	power	0.2	9	30
5	cradle	1802.42853498	12	4	4	2.0	56.7207	3600.0	49.8	power	0.2	9	30
6	cradle	1630.37451315	12	3	4	2.0	56.7207	3600.0	49.91	power	0.2	9	30
7	cradle	1627.01176	12	3	4	2.0	56.7207	3600.0	49.91	power	0.2	9	30
8	cradle	1145.07814097	11	4	5	2.22222222222	56.7207	3600.0	47.44	power	0.2	9	30
9	cradle	1143.39551902	11	3	5	2.16666666667	56.7207	3600.0	48.67	power	0.2	9	30
10	cradle	34468.5173192	0	0	0	0	0	0	0	power	0.2	9	30
1	3	267.435568094	6	3	3	1.73333333333	56.7207	3600.0	47.61	power	0.2	6	30
2	3	341.852276087	7	3	3	1.66666666667	56.7207	3600.0	45.41	power	0.2	6	30
3	3	265.236635923	7	3	3	1.66666666667	56.7207	3600.0	47.18	power	0.2	6	30
4	3	287.614637852	6	2	3	1.73333333333	56.7207	3600.0	48.0	power	0.2	6	30
5	3	260.660359144	7	3	3	1.66666666667	56.7207	3600.0	45.27	power	0.2	6	30
6	3	305.438173056	6	3	3	1.73333333333	56.7207	3600.0	45.97	power	0.2	6	30
7	3	261.298293829	7	3	3	1.66666666667	56.7207	3600.0	45.27	power	0.2	6	30
8	3	284.189359188	6	3	3	1.8	56.7207	3600.0	45.72	power	0.2	6	30
9	3	277.187458038	6	3	3	1.73333333333	56.7207	3600.0	47.88	power	0.2	6	30
10	3	254.289350986	7	2	3	1.66666666667	56.7207	3600.0	47.32	power	0.2	6	30
1	3	342.528614998	5	2	4	2.06666666667	56.7207	3600.0	46.08	power	0.2	6	31
2	3	215.568382025	7	2	3	1.66666666667	56.7207	3600.0	48.91	power	0.2	6	31
3	3	351.567111015	6	3	3	1.73333333333	56.7207	3600.0	48.5	power	0.2	6	31
4	3	323.803966045	7	3	3	1.66666666667	56.7207	3600.0	45.27	power	0.2	6	31
5	3	277.487874985	6	3	3	1.73333333333	56.7207	3600.0	47.88	power	0.2	6	31
6	3	264.739442825	6	3	3	1.73333333333	56.7207	3600.0	47.88	power	0.2	6	31
7	3	227.852109909	6	3	3	1.73333333333	56.7207	3600.0	48.5	power	0.2	6	31
8	3	287.75688386	7	3	3	1.66666666667	56.7207	3600.0	46.71	power	0.2	6	31
9	3	216.718797207	7	3	3	1.66666666667	56.7207	3600.0	46.77	power	0.2	6	31
10	3	276.205190897	7	3	3	1.66666666667	56.7207	3600.0	47.18	power	0.2	6	31
1	3	269.156224012	6	3	3	1.8	56.7207	3600.0	45.29	power	0.2	6	32
2	3	339.881248951	6	3	3	1.8	56.7207	3600.0	45.29	power	0.2	6	32
3	3	308.479703903	6	3	3	1.73333333333	56.7207	3600.0	47.61	power	0.2	6	32
4	3	261.571948051	6	3	3	1.73333333333	56.7207	3600.0	47.61	power	0.2	6	32
5	3	325.186115026	6	2	3	1.8	56.7207	3600.0	46.92	power	0.2	6	32
6	3	241.432331085	6	3	3	1.8	56.7207	3600.0	45.57	power	0.2	6	32
7	3	284.542551994	7	3	3	1.66666666667	56.7207	3600.0	47.18	power	0.2	6	32
8	3	266.013328075	6	2	3	1.73333333333	56.7207	3600.0	48.0	power	0.2	6	32
9	3	313.037423849	6	3	3	1.73333333333	56.7207	3600.0	48.5	power	0.2	6	32
10	3	287.428306103	6	3	3	1.73333333333	56.7207	3600.0	48.5	power	0.2	6	32
1	3	324.636675835	7	2	3	1.66666666667	56.7207	3600.0	48.91	power	0.2	6	33
2	3	278.382801056	6	3	3	1.8	56.7207	3600.0	45.76	power	0.2	6	33
3	3	274.437467098	7	2	3	1.66666666667	56.7207	3600.0	48.91	power	0.2	6	33
4	3	357.181805849	6	2	3	1.73333333333	56.7207	3600.0	48.0	power	0.2	6	33
5	3	246.134270906	6	3	3	1.8	56.7207	3600.0	45.72	power	0.2	6	33
6	3	333.369193077	6	3	3	1.73333333333	56.7207	3600.0	45.97	power	0.2	6	33
7	3	373.293169022	6	3	3	1.73333333333	56.7207	3600.0	47.88	power	0.2	6	33
8	3	289.387593031	7	3	3	1.66666666667	56.7207	3600.0	47.18	power	0.2	6	33
9	3	243.815020084	6	2	3	1.73333333333	56.7207	3600.0	49.54	power	0.2	6	33
10	3	330.288439035	6	4	4	1.93333333333	56.7207	3600.0	43.97	power	0.2	6	33
1	3	352.90805912	7	3	3	1.66666666667	56.7207	3600.0	46.71	power	0.2	6	34
2	3	268.440619946	7	3	3	1.66666666667	56.7207	3600.0	45.27	power	0.2	6	34
3	3	346.512515783	6	2	3	1.73333333333	56.7207	3600.0	48.0	power	0.2	6	34
4	3	355.094578028	6	2	3	1.73333333333	56.7207	3600.0	48.0	power	0.2	6	34
5	3	259.052670002	7	2	3	1.66666666667	56.7207	3600.0	48.91	power	0.2	6	34
6	3	256.791898966	6	3	3	1.8	56.7207	3600.0	46.36	power	0.2	6	34
7	3	307.988160133	7	3	3	1.66666666667	56.7207	3600.0	47.18	power	0.2	6	34
8	3	357.354518175	6	3	3	1.8	56.7207	3600.0	45.25	power	0.2	6	34
9	3	357.899384975	7	2	3	1.66666666667	56.7207	3600.0	47.32	power	0.2	6	34
10	3	331.815045118	6	3	3	1.73333333333	56.7207	3600.0	48.5	power	0.2	6	34
1	2	295.971801996	6	3	3	1.73333333333	56.7207	3600.0	45.97	power	0.2	6	13
2	2	301.875427008	6	3	3	1.73333333333	56.7207	3600.0	47.88	power	0.2	6	13
3	2	297.265292883	6	3	3	1.73333333333	56.7207	3600.0	45.97	power	0.2	6	13
4	2	257.448327065	6	3	3	1.73333333333	56.7207	3600.0	48.5	power	0.2	6	13
5	2	253.875119925	6	2	3	1.73333333333	56.7207	3600.0	48.0	power	0.2	6	13
6	2	273.188952923	6	2	3	1.73333333333	56.7207	3600.0	49.54	power	0.2	6	13
7	2	280.43450284	6	3	3	1.73333333333	56.7207	3600.0	47.61	power	0.2	6	13
8	2	248.153542995	7	2	3	1.66666666667	56.7207	3600.0	48.91	power	0.2	6	13
9	2	219.958180904	5	3	3	1.93333333333	56.7207	3600.0	47.0	power	0.2	6	13
10	2	231.496421814	7	3	3	1.66666666667	56.7207	3600.0	45.41	power	0.2	6	13
1	2	255.954615831	5	3	3	1.86666666667	56.7207	3600.0	45.68	power	0.2	6	14
2	2	339.010055065	6	3	3	1.73333333333	56.7207	3600.0	47.88	power	0.2	6	14
3	2	325.651809931	6	2	3	1.73333333333	56.7207	3600.0	48.0	power	0.2	6	14
4	2	178.983761072	6	2	3	1.8	56.7207	3600.0	47.98	power	0.2	6	14
5	2	293.334589005	6	3	3	1.73333333333	56.7207	3600.0	47.61	power	0.2	6	14
6	2	237.751685858	6	3	3	1.8	56.7207	3600.0	46.39	power	0.2	6	14
7	2	309.215266943	6	3	3	1.73333333333	56.7207	3600.0	47.88	power	0.2	6	14
8	2	206.593261957	7	3	3	1.66666666667	56.7207	3600.0	46.71	power	0.2	6	14
9	2	237.425057888	7	3	3	1.66666666667	56.7207	3600.0	46.71	power	0.2	6	14
10	2	300.887379885	7	3	3	1.66666666667	56.7207	3600.0	47.18	power	0.2	6	14
1	2	315.801177025	7	3	3	1.66666666667	56.7207	3600.0	45.27	power	0.2	6	15
2	2	281.962601185	6	2	3	1.73333333333	56.7207	3600.0	48.0	power	0.2	6	15
3	2	322.419260025	6	2	3	1.73333333333	56.7207	3600.0	48.0	power	0.2	6	15
4	2	277.340221167	6	3	3	1.73333333333	56.7207	3600.0	47.61	power	0.2	6	15
5	2	311.459393978	6	3	3	1.73333333333	56.7207	3600.0	48.5	power	0.2	6	15
6	2	350.797637939	6	2	3	1.73333333333	56.7207	3600.0	48.0	power	0.2	6	15
7	2	259.490246058	6	3	3	1.73333333333	56.7207	3600.0	47.61	power	0.2	6	15
8	2	346.604663134	7	2	3	1.66666666667	56.7207	3600.0	47.32	power	0.2	6	15
9	2	283.521711111	6	3	3	1.73333333333	56.7207	3600.0	47.88	power	0.2	6	15
10	2	280.284030199	7	3	3	1.66666666667	56.7207	3600.0	46.77	power	0.2	6	15
1	2	328.882256985	6	3	3	1.73333333333	56.7207	3600.0	47.61	power	0.2	6	16
2	2	347.016941786	6	3	3	1.73333333333	56.7207	3600.0	47.61	power	0.2	6	16
3	2	248.684288025	6	3	3	1.73333333333	56.7207	3600.0	47.61	power	0.2	6	16
4	2	399.482649088	6	3	3	1.73333333333	56.7207	3600.0	48.5	power	0.2	6	16
5	2	237.082884073	6	2	3	1.73333333333	56.7207	3600.0	48.0	power	0.2	6	16
6	2	422.885617018	6	3	3	1.73333333333	56.7207	3600.0	45.97	power	0.2	6	16
7	2	347.653462172	6	2	3	1.73333333333	56.7207	3600.0	48.0	power	0.2	6	16
8	2	288.122614861	6	3	3	1.73333333333	56.7207	3600.0	45.97	power	0.2	6	16
9	2	313.622991085	6	3	3	1.73333333333	56.7207	3600.0	48.5	power	0.2	6	16
10	2	314.606605053	6	3	3	1.73333333333	56.7207	3600.0	45.97	power	0.2	6	16
1	2	328.574409008	7	3	3	1.66666666667	56.7207	3600.0	45.27	power	0.2	6	17
2	2	363.35384202	6	3	3	1.73333333333	56.7207	3600.0	45.97	power	0.2	6	17
3	2	340.195161104	6	3	3	1.73333333333	56.7207	3600.0	47.61	power	0.2	6	17
4	2	374.685572147	6	3	3	1.73333333333	56.7207	3600.0	48.5	power	0.2	6	17
5	2	313.80281806	6	2	3	1.73333333333	56.7207	3600.0	49.54	power	0.2	6	17
6	2	287.633301973	7	3	3	1.66666666667	56.7207	3600.0	46.77	power	0.2	6	17
7	2	379.342308044	6	3	3	1.73333333333	56.7207	3600.0	48.5	power	0.2	6	17
8	2	291.086402893	7	3	3	1.66666666667	56.7207	3600.0	46.71	power	0.2	6	17
9	2	351.540531158	6	3	3	1.73333333333	56.7207	3600.0	47.61	power	0.2	6	17
10	2	343.242188931	7	2	3	1.66666666667	56.7207	3600.0	48.91	power	0.2	6	17
1	1	292.324074984	6	3	3	1.73333333333	56.7207	3600.0	47.61	power	0.2	6	9
2	1	249.522267818	5	3	3	1.86666666667	56.7207	3600.0	49.32	power	0.2	6	9
3	1	251.409524918	7	3	3	1.66666666667	56.7207	3600.0	45.41	power	0.2	6	9
4	1	309.330707073	6	2	3	1.73333333333	56.7207	3600.0	49.54	power	0.2	6	9
5	1	294.062395096	6	2	3	1.73333333333	56.7207	3600.0	48.0	power	0.2	6	9
6	1	263.495136023	5	2	3	1.86666666667	56.7207	3600.0	49.82	power	0.2	6	9
7	1	204.621113062	6	3	3	1.73333333333	56.7207	3600.0	48.5	power	0.2	6	9
8	1	225.914877176	7	3	3	1.66666666667	56.7207	3600.0	47.18	power	0.2	6	9
9	1	225.232850075	7	3	3	1.66666666667	56.7207	3600.0	47.18	power	0.2	6	9
10	1	181.446464062	6	3	3	1.73333333333	56.7207	3600.0	47.61	power	0.2	6	9
1	1	303.34071517	5	2	3	1.86666666667	56.7207	3600.0	47.91	power	0.2	6	10
2	1	305.179538965	6	2	3	1.8	56.7207	3600.0	49.26	power	0.2	6	10
3	1	339.912996054	6	3	3	1.73333333333	56.7207	3600.0	45.97	power	0.2	6	10
4	1	253.622949123	6	3	3	1.73333333333	56.7207	3600.0	47.88	power	0.2	6	10
5	1	296.940933943	6	3	3	1.73333333333	56.7207	3600.0	48.5	power	0.2	6	10
6	1	328.477303028	6	3	3	1.73333333333	56.7207	3600.0	45.97	power	0.2	6	10
7	1	348.301259995	6	3	3	1.73333333333	56.7207	3600.0	47.88	power	0.2	6	10
8	1	258.40656209	6	3	3	1.73333333333	56.7207	3600.0	48.5	power	0.2	6	10
9	1	343.708880901	6	3	3	1.73333333333	56.7207	3600.0	48.5	power	0.2	6	10
10	1	256.33712101	7	3	3	1.66666666667	56.7207	3600.0	46.71	power	0.2	6	10
1	1	301.613528967	6	3	3	1.73333333333	56.7207	3600.0	45.97	power	0.2	6	11
2	1	383.099119186	6	3	3	1.73333333333	56.7207	3600.0	47.61	power	0.2	6	11
3	1	374.710866213	6	3	3	1.73333333333	56.7207	3600.0	48.5	power	0.2	6	11
4	1	299.990672112	6	3	3	1.73333333333	56.7207	3600.0	45.97	power	0.2	6	11
5	1	303.465987921	6	3	3	1.73333333333	56.7207	3600.0	47.61	power	0.2	6	11
6	1	319.458959818	6	3	3	1.73333333333	56.7207	3600.0	47.88	power	0.2	6	11
7	1	308.233594894	6	3	3	1.73333333333	56.7207	3600.0	45.97	power	0.2	6	11
8	1	327.704218149	6	3	3	1.73333333333	56.7207	3600.0	47.88	power	0.2	6	11
9	1	297.096122026	6	3	3	1.73333333333	56.7207	3600.0	45.97	power	0.2	6	11
10	1	326.875984907	6	2	3	1.73333333333	56.7207	3600.0	48.0	power	0.2	6	11
1	1	362.398706198	6	2	3	1.73333333333	56.7207	3600.0	48.0	power	0.2	6	12
2	1	325.364282131	6	3	3	1.73333333333	56.7207	3600.0	47.61	power	0.2	6	12
3	1	295.335287809	6	3	3	1.73333333333	56.7207	3600.0	47.88	power	0.2	6	12
4	1	341.968909979	6	2	3	1.73333333333	56.7207	3600.0	49.54	power	0.2	6	12
5	1	353.28279686	6	3	3	1.73333333333	56.7207	3600.0	48.5	power	0.2	6	12
6	1	349.651932955	6	3	3	1.73333333333	56.7207	3600.0	48.5	power	0.2	6	12
7	1	359.934290171	6	3	3	1.73333333333	56.7207	3600.0	47.61	power	0.2	6	12
8	1	323.696484089	6	2	3	1.73333333333	56.7207	3600.0	49.54	power	0.2	6	12
9	1	369.162396193	6	2	3	1.73333333333	56.7207	3600.0	49.54	power	0.2	6	12
10	1	359.327358007	6	3	3	1.73333333333	56.7207	3600.0	47.61	power	0.2	6	12
1	1	378.962180853	6	2	3	1.73333333333	56.7207	3600.0	48.0	power	0.2	6	13
2	1	326.969459057	6	3	3	1.73333333333	56.7207	3600.0	47.61	power	0.2	6	13
3	1	374.314252853	6	3	3	1.73333333333	56.7207	3600.0	47.61	power	0.2	6	13
4	1	302.792783976	6	3	3	1.73333333333	56.7207	3600.0	45.97	power	0.2	6	13
5	1	379.659124136	6	3	3	1.73333333333	56.7207	3600.0	45.97	power	0.2	6	13
6	1	387.369455099	6	2	3	1.73333333333	56.7207	3600.0	48.0	power	0.2	6	13
7	1	327.040925026	6	3	3	1.73333333333	56.7207	3600.0	45.97	power	0.2	6	13
8	1	376.561741829	6	3	3	1.73333333333	56.7207	3600.0	47.61	power	0.2	6	13
9	1	406.468488932	6	3	3	1.73333333333	56.7207	3600.0	47.61	power	0.2	6	13
10	1	377.199043036	6	3	3	1.73333333333	56.7207	3600.0	48.5	power	0.2	6	13
1	cradle	239.918284178	7	3	3	1.66666666667	56.7207	3600.0	46.77	power	0.2	6	39
2	cradle	245.411853075	7	3	3	1.66666666667	56.7207	3600.0	45.29	power	0.2	6	39
3	cradle	245.081990004	7	3	3	1.66666666667	56.7207	3600.0	45.29	power	0.2	6	39
4	cradle	257.40153718	7	3	3	1.66666666667	56.7207	3600.0	45.29	power	0.2	6	39
5	cradle	264.486948967	7	3	3	1.66666666667	56.7207	3600.0	46.77	power	0.2	6	39
6	cradle	283.20328021	7	3	3	1.66666666667	56.7207	3600.0	45.29	power	0.2	6	39
7	cradle	271.425152779	7	2	3	1.66666666667	56.7207	3600.0	43.96	power	0.2	6	39
8	cradle	270.749758005	7	3	3	1.66666666667	56.7207	3600.0	45.29	power	0.2	6	39
9	cradle	241.722383022	7	3	3	1.66666666667	56.7207	3600.0	46.77	power	0.2	6	39
10	cradle	290.144572973	7	2	3	1.66666666667	56.7207	3600.0	46.32	power	0.2	6	39
1	cradle	262.032006979	7	3	3	1.66666666667	56.7207	3600.0	45.29	power	0.2	6	40
2	cradle	263.883496046	7	3	3	1.66666666667	56.7207	3600.0	46.77	power	0.2	6	40
3	cradle	261.235748053	7	3	3	1.66666666667	56.7207	3600.0	46.77	power	0.2	6	40
4	cradle	245.30953908	7	3	3	1.66666666667	56.7207	3600.0	45.29	power	0.2	6	40
5	cradle	288.07456708	7	3	3	1.66666666667	56.7207	3600.0	45.29	power	0.2	6	40
6	cradle	295.727999926	7	3	3	1.66666666667	56.7207	3600.0	45.29	power	0.2	6	40
7	cradle	267.632360935	7	3	3	1.66666666667	56.7207	3600.0	45.29	power	0.2	6	40
8	cradle	294.033379078	7	3	3	1.66666666667	56.7207	3600.0	46.77	power	0.2	6	40
9	cradle	270.375331879	7	3	3	1.66666666667	56.7207	3600.0	46.77	power	0.2	6	40
10	cradle	301.260010958	7	3	3	1.66666666667	56.7207	3600.0	45.29	power	0.2	6	40
1	cradle	267.180804968	7	3	3	1.66666666667	56.7207	3600.0	45.29	power	0.2	6	41
2	cradle	269.107264042	7	3	3	1.66666666667	56.7207	3600.0	46.77	power	0.2	6	41
3	cradle	282.57553196	7	3	3	1.66666666667	56.7207	3600.0	45.29	power	0.2	6	41
4	cradle	259.414395094	7	3	3	1.66666666667	56.7207	3600.0	45.29	power	0.2	6	41
5	cradle	260.6291852	7	3	3	1.66666666667	56.7207	3600.0	45.29	power	0.2	6	41
6	cradle	269.10722208	7	3	3	1.66666666667	56.7207	3600.0	46.77	power	0.2	6	41
7	cradle	271.629004002	7	3	3	1.66666666667	56.7207	3600.0	45.29	power	0.2	6	41
8	cradle	245.956031084	7	3	3	1.66666666667	56.7207	3600.0	45.29	power	0.2	6	41
9	cradle	314.558944941	7	3	3	1.66666666667	56.7207	3600.0	46.77	power	0.2	6	41
10	cradle	294.596733809	7	3	3	1.66666666667	56.7207	3600.0	45.29	power	0.2	6	41
1	cradle	304.911710024	7	3	3	1.66666666667	56.7207	3600.0	45.29	power	0.2	6	42
2	cradle	253.873599052	7	3	3	1.66666666667	56.7207	3600.0	46.77	power	0.2	6	42
3	cradle	269.44896102	7	3	3	1.66666666667	56.7207	3600.0	45.29	power	0.2	6	42
4	cradle	286.337810993	7	2	3	1.66666666667	56.7207	3600.0	43.96	power	0.2	6	42
5	cradle	292.16433692	7	3	3	1.66666666667	56.7207	3600.0	45.29	power	0.2	6	42
6	cradle	281.65276289	7	3	3	1.66666666667	56.7207	3600.0	46.77	power	0.2	6	42
7	cradle	283.786737919	7	3	3	1.66666666667	56.7207	3600.0	45.29	power	0.2	6	42
8	cradle	296.003227949	7	3	3	1.66666666667	56.7207	3600.0	45.29	power	0.2	6	42
9	cradle	291.29487586	7	3	3	1.66666666667	56.7207	3600.0	45.29	power	0.2	6	42
10	cradle	281.124206066	7	3	3	1.66666666667	56.7207	3600.0	45.29	power	0.2	6	42
1	cradle	325.683096886	7	3	3	1.66666666667	56.7207	3600.0	46.77	power	0.2	6	43
2	cradle	282.616975069	7	3	3	1.66666666667	56.7207	3600.0	46.77	power	0.2	6	43
3	cradle	293.227833033	7	3	3	1.66666666667	56.7207	3600.0	45.29	power	0.2	6	43
4	cradle	296.663242102	7	3	3	1.66666666667	56.7207	3600.0	46.77	power	0.2	6	43
5	cradle	259.284264088	7	3	3	1.66666666667	56.7207	3600.0	46.77	power	0.2	6	43
6	cradle	271.331333876	7	3	3	1.66666666667	56.7207	3600.0	45.29	power	0.2	6	43
7	cradle	283.301266193	7	3	3	1.66666666667	56.7207	3600.0	46.77	power	0.2	6	43
8	cradle	310.63496089	7	3	3	1.66666666667	56.7207	3600.0	45.29	power	0.2	6	43
9	cradle	269.442706108	7	3	3	1.66666666667	56.7207	3600.0	45.29	power	0.2	6	43
10	cradle	307.850130081	7	3	3	1.66666666667	56.7207	3600.0	45.29	power	0.2	6	43
1	3	581.652494192	11	3	4	2.05555555556	56.7207	3600.0	48.13	power	0.1	9	18
2	3	446.680645943	11	3	4	2.11111111111	56.7207	3600.0	48.57	power	0.1	9	18
3	3	547.610791922	11	3	4	2.05555555556	56.7207	3600.0	49.02	power	0.1	9	18
4	3	487.988806009	12	3	4	2.0	56.7207	3600.0	48.6	power	0.1	9	18
5	3	622.852190971	10	3	4	2.22222222222	56.7207	3600.0	48.28	power	0.1	9	18
6	3	595.460237026	11	3	4	2.11111111111	56.7207	3600.0	48.73	power	0.1	9	18
7	3	469.815716982	11	2	4	2.05555555556	56.7207	3600.0	48.03	power	0.1	9	18
8	3	647.375006199	11	3	4	2.11111111111	56.7207	3600.0	48.35	power	0.1	9	18
9	3	516.103481054	12	3	4	2.0	56.7207	3600.0	48.51	power	0.1	9	18
10	3	673.52727294	12	3	4	2.0	56.7207	3600.0	48.55	power	0.1	9	18
1	3	623.548993111	10	3	4	2.22222222222	56.7207	3600.0	48.47	power	0.1	9	19
2	3	553.183775187	11	3	4	2.05555555556	56.7207	3600.0	48.78	power	0.1	9	19
3	3	599.415631056	12	3	4	2.0	56.7207	3600.0	48.61	power	0.1	9	19
4	3	681.906891108	11	4	4	2.11111111111	56.7207	3600.0	45.37	power	0.1	9	19
5	3	632.164578915	10	3	4	2.16666666667	56.7207	3600.0	48.07	power	0.1	9	19
6	3	596.920686007	11	3	4	2.05555555556	41.9991	3200.0	45.23	power	0.1	9	19
7	3	711.952931166	9	3	4	2.27777777778	56.7207	3600.0	49.07	power	0.1	9	19
8	3	340.293452024	11	3	4	2.05555555556	56.7207	3600.0	49.24	power	0.1	9	19
9	3	554.994103193	11	3	4	2.05555555556	56.7207	3600.0	46.6	power	0.1	9	19
10	3	539.752324104	10	3	4	2.16666666667	56.7207	3600.0	47.04	power	0.1	9	19
1	3	672.758611917	10	2	4	2.16666666667	56.7207	3600.0	49.99	power	0.1	9	20
2	3	612.788481951	10	3	5	2.22222222222	56.7207	3600.0	48.23	power	0.1	9	20
3	3	412.659852982	11	3	4	2.05555555556	56.7207	3600.0	46.44	power	0.1	9	20
4	3	667.991254091	10	2	4	2.16666666667	56.7207	3600.0	49.99	power	0.1	9	20
5	3	612.661529064	11	3	4	2.11111111111	56.7207	3600.0	49.52	power	0.1	9	20
6	3	631.702207088	11	3	4	2.11111111111	41.9991	3200.0	44.2	power	0.1	9	20
7	3	577.120900869	11	3	4	2.05555555556	56.7207	3600.0	49.73	power	0.1	9	20
8	3	696.64239192	11	3	4	2.11111111111	56.7207	3600.0	47.66	power	0.1	9	20
9	3	383.387695074	11	4	4	2.05555555556	56.7207	3600.0	45.77	power	0.1	9	20
10	3	635.175069809	10	3	4	2.22222222222	56.7207	3600.0	49.92	power	0.1	9	20
1	3	630.992720842	11	3	4	2.05555555556	56.7207	3600.0	48.07	power	0.1	9	21
2	3	546.393216133	12	3	4	2.0	56.7207	3600.0	48.51	power	0.1	9	21
3	3	674.804147959	10	3	4	2.16666666667	56.7207	3600.0	49.94	power	0.1	9	21
4	3	786.374428034	11	4	4	2.11111111111	56.7207	3600.0	47.29	power	0.1	9	21
5	3	512.877114058	11	3	4	2.05555555556	56.7207	3600.0	48.59	power	0.1	9	21
6	3	719.654319048	11	3	4	2.11111111111	56.7207	3600.0	49.94	power	0.1	9	21
7	3	865.942806959	11	3	4	2.11111111111	56.7207	3600.0	48.9	power	0.1	9	21
8	3	760.595389843	9	3	6	2.55555555556	56.7207	3600.0	47.32	power	0.1	9	21
9	3	854.083683014	10	3	4	2.11111111111	56.7207	3600.0	48.86	power	0.1	9	21
10	3	791.842867136	11	4	4	2.11111111111	56.7207	3600.0	47.88	power	0.1	9	21
1	3	557.22808814	11	3	4	2.05555555556	56.7207	3600.0	48.47	power	0.1	9	22
2	3	797.839947939	10	4	4	2.11111111111	56.7207	3600.0	48.92	power	0.1	9	22
3	3	616.517363071	11	3	4	2.05555555556	56.7207	3600.0	47.28	power	0.1	9	22
4	3	726.497301102	10	4	4	2.16666666667	56.7207	3600.0	45.72	power	0.1	9	22
5	3	843.585124969	11	3	4	2.05555555556	56.7207	3600.0	48.68	power	0.1	9	22
6	3	537.946995974	12	3	4	2.0	56.7207	3600.0	48.77	power	0.1	9	22
7	3	505.892495871	11	4	4	2.05555555556	56.7207	3600.0	48.42	power	0.1	9	22
8	3	792.135843992	11	3	4	2.05555555556	56.7207	3600.0	46.98	power	0.1	9	22
9	3	637.906746149	11	3	4	2.11111111111	56.7207	3600.0	48.6	power	0.1	9	22
10	3	486.632913828	12	3	4	2.0	56.7207	3600.0	48.99	power	0.1	9	22
1	2	561.758574963	11	3	4	2.05555555556	56.7207	3600.0	48.74	power	0.1	9	15
2	2	676.651368856	11	3	4	2.05555555556	56.7207	3600.0	49.02	power	0.1	9	15
3	2	408.657680988	10	4	4	2.16666666667	56.7207	3600.0	46.02	power	0.1	9	15
4	2	810.050666809	11	3	4	2.05555555556	56.7207	3600.0	48.59	power	0.1	9	15
5	2	909.260134935	11	3	4	2.11111111111	56.7207	3600.0	48.91	power	0.1	9	15
6	2	928.677211046	11	3	4	2.05555555556	56.7207	3600.0	49.55	power	0.1	9	15
7	2	908.478646994	11	3	4	2.11111111111	56.7207	3600.0	48.16	power	0.1	9	15
8	2	446.169461012	12	3	4	2.0	56.7207	3600.0	48.77	power	0.1	9	15
9	2	801.947710991	11	3	4	2.05555555556	56.7207	3600.0	48.17	power	0.1	9	15
10	2	855.866132975	11	3	4	2.11111111111	56.7207	3600.0	48.67	power	0.1	9	15
1	2	716.705710888	12	3	4	2.0	56.7207	3600.0	48.54	power	0.1	9	16
2	2	720.460799932	11	3	4	2.05555555556	56.7207	3600.0	49.79	power	0.1	9	16
3	2	934.905833006	10	3	4	2.22222222222	56.7207	3600.0	49.8	power	0.1	9	16
4	2	547.701133013	12	3	4	2.0	56.7207	3600.0	48.51	power	0.1	9	16
5	2	879.438857079	11	2	4	2.05555555556	56.7207	3600.0	48.64	power	0.1	9	16
6	2	724.813894987	10	3	4	2.22222222222	56.7207	3600.0	48.32	power	0.1	9	16
7	2	1033.42173004	12	3	4	2.0	56.7207	3600.0	48.7	power	0.1	9	16
8	2	577.391319036	10	3	4	2.16666666667	56.7207	3600.0	46.98	power	0.1	9	16
9	2	758.607682943	11	4	4	2.05555555556	56.7207	3600.0	49.25	power	0.1	9	16
10	2	669.715112925	11	3	4	2.11111111111	56.7207	3600.0	48.79	power	0.1	9	16
1	2	635.271134138	11	3	4	2.11111111111	56.7207	3600.0	49.18	power	0.1	9	17
2	2	876.691239119	12	3	4	2.0	56.7207	3600.0	48.81	power	0.1	9	17
3	2	509.959651947	11	3	4	2.05555555556	56.7207	3600.0	49.35	power	0.1	9	17
4	2	869.725208044	11	2	4	2.05555555556	56.7207	3600.0	48.03	power	0.1	9	17
5	2	984.483994961	11	3	4	2.11111111111	56.7207	3600.0	48.2	power	0.1	9	17
6	2	634.194468975	12	3	4	2.0	56.7207	3600.0	48.7	power	0.1	9	17
7	2	412.958785057	11	3	4	2.05555555556	56.7207	3600.0	46.62	power	0.1	9	17
8	2	660.973004103	11	4	4	2.05555555556	56.7207	3600.0	45.36	power	0.1	9	17
9	2	788.241234064	11	3	4	2.05555555556	56.7207	3600.0	48.85	power	0.1	9	17
10	2	597.566540956	11	3	4	2.05555555556	56.7207	3600.0	46.44	power	0.1	9	17
1	2	733.86379981	11	3	4	2.11111111111	56.7207	3600.0	49.02	power	0.1	9	18
2	2	761.373122931	11	4	4	2.05555555556	56.7207	3600.0	49.49	power	0.1	9	18
3	2	827.769550085	11	3	4	2.05555555556	56.7207	3600.0	49.47	power	0.1	9	18
4	2	674.510690212	12	3	4	2.0	56.7207	3600.0	48.55	power	0.1	9	18
5	2	1102.68089604	10	4	4	2.16666666667	56.7207	3600.0	50.0	power	0.1	9	18
6	2	495.700554132	11	3	4	2.05555555556	56.7207	3600.0	48.13	power	0.1	9	18
7	2	804.837451935	12	3	4	2.0	56.7207	3600.0	48.4	power	0.1	9	18
8	2	812.91575098	12	3	4	2.0	56.7207	3600.0	48.51	power	0.1	9	18
9	2	863.143748999	11	3	4	2.05555555556	56.7207	3600.0	46.6	power	0.1	9	18
10	2	747.373963833	12	4	4	2.0	56.7207	3600.0	47.74	power	0.1	9	18
1	2	604.49089098	10	3	4	2.16666666667	56.7207	3600.0	47.15	power	0.1	9	19
2	2	1011.14157701	11	3	4	2.05555555556	56.7207	3600.0	47.96	power	0.1	9	19
3	2	901.045539141	11	3	4	2.05555555556	56.7207	3600.0	48.11	power	0.1	9	19
4	2	724.118931055	11	3	4	2.11111111111	56.7207	3600.0	48.03	power	0.1	9	19
5	2	948.315521955	11	3	4	2.05555555556	56.7207	3600.0	48.85	power	0.1	9	19
6	2	1192.22792196	11	3	4	2.05555555556	56.7207	3600.0	48.81	power	0.1	9	19
7	2	846.596964121	11	3	4	2.05555555556	56.7207	3600.0	47.88	power	0.1	9	19
8	2	657.343843937	11	2	4	2.05555555556	41.9991	3200.0	44.84	power	0.1	9	19
9	2	1345.88507915	11	3	4	2.11111111111	56.7207	3600.0	48.78	power	0.1	9	19
10	2	840.581507921	10	3	4	2.22222222222	56.7207	3600.0	48.07	power	0.1	9	19
1	1	840.861100912	11	3	4	2.05555555556	56.7207	3600.0	46.6	power	0.1	9	10
2	1	987.10385108	11	3	4	2.05555555556	56.7207	3600.0	47.98	power	0.1	9	10
3	1	929.358984947	11	3	4	2.05555555556	56.7207	3600.0	48.27	power	0.1	9	10
4	1	574.595726013	12	3	4	2.0	56.7207	3600.0	48.4	power	0.1	9	10
5	1	621.593447924	12	3	4	2.0	56.7207	3600.0	48.56	power	0.1	9	10
6	1	631.075998783	11	3	4	2.05555555556	56.7207	3600.0	49.68	power	0.1	9	10
7	1	865.959707022	11	3	4	2.11111111111	56.7207	3600.0	48.85	power	0.1	9	10
8	1	1167.61982489	11	3	4	2.05555555556	56.7207	3600.0	48.81	power	0.1	9	10
9	1	1046.85749602	11	3	4	2.05555555556	56.7207	3600.0	48.06	power	0.1	9	10
10	1	816.151721001	11	3	4	2.05555555556	56.7207	3600.0	48.17	power	0.1	9	10
1	1	1217.29170918	11	3	4	2.05555555556	56.7207	3600.0	47.96	power	0.1	9	11
2	1	606.736007929	11	3	4	2.05555555556	56.7207	3600.0	48.55	power	0.1	9	11
3	1	783.689619064	10	3	5	2.27777777778	56.7207	3600.0	47.2	power	0.1	9	11
4	1	982.081277847	11	3	4	2.05555555556	56.7207	3600.0	49.68	power	0.1	9	11
5	1	1074.09038591	11	3	4	2.05555555556	56.7207	3600.0	47.45	power	0.1	9	11
6	1	862.473279953	11	3	4	2.05555555556	56.7207	3600.0	47.45	power	0.1	9	11
7	1	1070.54454279	11	3	4	2.05555555556	56.7207	3600.0	47.28	power	0.1	9	11
8	1	1032.13126302	11	3	4	2.05555555556	56.7207	3600.0	48.66	power	0.1	9	11
9	1	787.631236076	11	3	4	2.05555555556	56.7207	3600.0	46.6	power	0.1	9	11
10	1	772.845979929	11	3	4	2.05555555556	56.7207	3600.0	49.46	power	0.1	9	11
1	1	1297.36772585	11	3	4	2.05555555556	56.7207	3600.0	47.88	power	0.1	9	12
2	1	1303.79845905	11	3	4	2.05555555556	56.7207	3600.0	49.28	power	0.1	9	12
3	1	1095.21078706	11	3	4	2.05555555556	56.7207	3600.0	47.14	power	0.1	9	12
4	1	687.815098047	12	3	4	2.0	56.7207	3600.0	48.81	power	0.1	9	12
5	1	680.362720966	11	3	4	2.05555555556	56.7207	3600.0	48.85	power	0.1	9	12
6	1	888.134912014	12	3	4	2.0	56.7207	3600.0	48.75	power	0.1	9	12
7	1	831.757063866	11	3	4	2.05555555556	56.7207	3600.0	49.46	power	0.1	9	12
8	1	1466.97407889	11	3	4	2.05555555556	56.7207	3600.0	48.91	power	0.1	9	12
9	1	1264.8411541	11	3	4	2.05555555556	41.9991	3200.0	43.46	power	0.1	9	12
10	1	1057.45012498	11	3	4	2.05555555556	56.7207	3600.0	48.63	power	0.1	9	12
1	1	713.851078987	11	4	4	2.05555555556	56.7207	3600.0	45.55	power	0.1	9	13
2	1	1251.80929899	11	3	4	2.05555555556	56.7207	3600.0	48.78	power	0.1	9	13
3	1	1381.75512886	11	3	4	2.05555555556	56.7207	3600.0	47.14	power	0.1	9	13
4	1	1336.27042389	11	4	4	2.05555555556	56.7207	3600.0	49.3	power	0.1	9	13
5	1	685.681858063	11	3	4	2.05555555556	56.7207	3600.0	49.11	power	0.1	9	13
6	1	1238.9222312	11	3	4	2.05555555556	56.7207	3600.0	47.96	power	0.1	9	13
7	1	1543.96114516	10	4	4	2.11111111111	56.7207	3600.0	47.92	power	0.1	9	13
8	1	1076.60800481	11	3	4	2.05555555556	56.7207	3600.0	47.45	power	0.1	9	13
9	1	1158.00039697	12	3	4	2.0	56.7207	3600.0	48.6	power	0.1	9	13
10	1	1286.34164214	11	3	4	2.05555555556	56.7207	3600.0	47.88	power	0.1	9	13
1	1	964.269381046	11	3	4	2.05555555556	56.7207	3600.0	46.76	power	0.1	9	14
2	1	1112.80949807	11	3	4	2.05555555556	56.7207	3600.0	48.71	power	0.1	9	14
3	1	1125.47202206	11	3	4	2.05555555556	56.7207	3600.0	47.28	power	0.1	9	14
4	1	996.025053024	11	4	4	2.05555555556	56.7207	3600.0	48.79	power	0.1	9	14
5	1	878.66810894	11	3	4	2.05555555556	56.7207	3600.0	46.59	power	0.1	9	14
6	1	1051.39432406	11	3	4	2.05555555556	56.7207	3600.0	49.47	power	0.1	9	14
7	1	1411.82009006	11	3	4	2.05555555556	56.7207	3600.0	47.9	power	0.1	9	14
8	1	1371.34606099	11	3	4	2.05555555556	56.7207	3600.0	48.91	power	0.1	9	14
9	1	995.187326193	11	3	4	2.05555555556	56.7207	3600.0	49.79	power	0.1	9	14
10	1	1062.61080909	11	3	4	2.05555555556	56.7207	3600.0	48.71	power	0.1	9	14
1	cradle	704.419970989	12	4	4	2.0	56.7207	3600.0	45.04	power	0.1	9	43
2	cradle	734.219890118	12	4	4	2.0	56.7207	3600.0	45.04	power	0.1	9	43
3	cradle	1042.30303693	12	3	4	2.0	56.7207	3600.0	48.99	power	0.1	9	43
4	cradle	1000.15508199	12	3	4	2.0	56.7207	3600.0	48.99	power	0.1	9	43
5	cradle	696.387166023	12	3	4	2.0	56.7207	3600.0	46.71	power	0.1	9	43
6	cradle	1100.46922708	12	3	4	2.0	56.7207	3600.0	48.99	power	0.1	9	43
7	cradle	681.579688072	12	3	4	2.0	56.7207	3600.0	46.71	power	0.1	9	43
8	cradle	624.734286785	12	3	4	2.0	56.7207	3600.0	46.05	power	0.1	9	43
9	cradle	1020.90601802	12	3	4	2.0	56.7207	3600.0	48.99	power	0.1	9	43
10	cradle	994.917431116	12	4	4	2.0	56.7207	3600.0	46.97	power	0.1	9	43
1	cradle	712.972656012	12	3	4	2.0	56.7207	3600.0	46.05	power	0.1	9	44
2	cradle	826.761551857	12	4	4	2.0	56.7207	3600.0	45.04	power	0.1	9	44
3	cradle	983.987440825	12	3	4	2.0	56.7207	3600.0	47.92	power	0.1	9	44
4	cradle	860.695185184	12	4	4	2.0	56.7207	3600.0	45.04	power	0.1	9	44
5	cradle	903.847146988	12	4	4	2.0	56.7207	3600.0	46.97	power	0.1	9	44
6	cradle	693.223966122	12	3	4	2.0	56.7207	3600.0	48.99	power	0.1	9	44
7	cradle	724.921736956	12	3	4	2.0	56.7207	3600.0	46.05	power	0.1	9	44
8	cradle	768.491631031	12	4	4	2.0	56.7207	3600.0	46.97	power	0.1	9	44
9	cradle	690.856105089	12	3	4	2.0	56.7207	3600.0	48.99	power	0.1	9	44
10	cradle	999.633106947	12	3	4	2.0	56.7207	3600.0	48.99	power	0.1	9	44
1	cradle	705.574687958	12	3	4	2.0	56.7207	3600.0	46.05	power	0.1	9	45
2	cradle	1017.78620791	12	3	4	2.0	56.7207	3600.0	48.99	power	0.1	9	45
3	cradle	898.94067502	12	3	4	2.0	56.7207	3600.0	47.92	power	0.1	9	45
4	cradle	770.32477808	12	3	4	2.0	56.7207	3600.0	48.99	power	0.1	9	45
5	cradle	890.039695024	12	3	4	2.0	56.7207	3600.0	48.99	power	0.1	9	45
6	cradle	1086.13537312	12	3	4	2.0	56.7207	3600.0	48.99	power	0.1	9	45
7	cradle	1019.88093591	12	4	4	2.0	56.7207	3600.0	46.97	power	0.1	9	45
8	cradle	1054.9316051	12	4	4	2.0	56.7207	3600.0	46.97	power	0.1	9	45
9	cradle	893.41724515	12	4	4	2.0	56.7207	3600.0	46.97	power	0.1	9	45
10	cradle	988.245601177	12	3	4	2.0	56.7207	3600.0	48.99	power	0.1	9	45
1	cradle	788.100037098	12	3	4	2.0	56.7207	3600.0	48.99	power	0.1	9	46
2	cradle	936.84869504	12	3	4	2.0	56.7207	3600.0	47.92	power	0.1	9	46
3	cradle	44936.260268	0	0	0	0	0	0	0	power	0.1	9	46
4	cradle	716.177366972	12	3	4	2.0	56.7207	3600.0	48.99	power	0.1	9	46
5	cradle	5290.46897101	0	0	0	0	0	0	0	power	0.1	9	46
6	cradle	1127.46716595	12	3	4	2.0	56.7207	3600.0	48.99	power	0.1	9	46
7	cradle	1030.94209909	12	3	4	2.0	56.7207	3600.0	47.92	power	0.1	9	46
8	cradle	1061.91062689	12	3	4	2.0	56.7207	3600.0	48.99	power	0.1	9	46
9	cradle	984.413588047	12	3	4	2.0	56.7207	3600.0	48.99	power	0.1	9	46
10	cradle	589.917977095	12	3	4	2.0	56.7207	3600.0	46.4	power	0.1	9	46
1	cradle	989.401808023	12	4	4	2.0	56.7207	3600.0	46.97	power	0.1	9	47
2	cradle	1025.50963807	12	3	4	2.0	56.7207	3600.0	48.99	power	0.1	9	47
3	cradle	938.288316965	12	3	4	2.0	56.7207	3600.0	48.99	power	0.1	9	47
4	cradle	1025.51550698	12	4	4	2.0	56.7207	3600.0	45.04	power	0.1	9	47
5	cradle	1030.68951106	12	3	4	2.0	56.7207	3600.0	46.4	power	0.1	9	47
6	cradle	724.061825037	12	4	4	2.0	56.7207	3600.0	45.04	power	0.1	9	47
7	cradle	1047.90357709	12	4	4	2.0	56.7207	3600.0	46.97	power	0.1	9	47
8	cradle	1047.15800905	12	3	4	2.0	56.7207	3600.0	47.92	power	0.1	9	47
9	cradle	844.42754221	12	4	4	2.0	56.7207	3600.0	45.04	power	0.1	9	47
10	cradle	774.922463179	12	3	4	2.0	56.7207	3600.0	48.99	power	0.1	9	47
1	3	281.909714937	7	3	3	1.66666666667	56.7207	3600.0	42.33	power	0.1	6	36
2	3	258.848016977	7	3	3	1.66666666667	56.7207	3600.0	43.97	power	0.1	6	36
3	3	292.153046131	7	3	3	1.66666666667	56.7207	3600.0	44.49	power	0.1	6	36
4	3	261.127363205	7	3	3	1.66666666667	56.7207	3600.0	44.16	power	0.1	6	36
5	3	344.777415991	6	3	3	1.8	56.7207	3600.0	43.35	power	0.1	6	36
6	3	286.083115101	6	2	3	1.8	56.7207	3600.0	44.5	power	0.1	6	36
7	3	305.932307005	6	2	3	1.73333333333	56.7207	3600.0	46.6	power	0.1	6	36
8	3	296.252950191	6	3	3	1.73333333333	56.7207	3600.0	45.65	power	0.1	6	36
9	3	283.091345072	6	3	3	1.73333333333	56.7207	3600.0	45.03	power	0.1	6	36
10	3	263.556928873	6	2	3	1.73333333333	56.7207	3600.0	44.35	power	0.1	6	36
1	3	324.208465099	7	3	3	1.66666666667	56.7207	3600.0	44.16	power	0.1	6	37
2	3	280.222493887	6	2	3	1.73333333333	56.7207	3600.0	47.11	power	0.1	6	37
3	3	287.982764959	7	2	3	1.66666666667	56.7207	3600.0	45.48	power	0.1	6	37
4	3	307.022326946	6	3	3	1.73333333333	56.7207	3600.0	45.65	power	0.1	6	37
5	3	311.801279068	7	3	3	1.66666666667	56.7207	3600.0	43.23	power	0.1	6	37
6	3	281.268376827	7	3	3	1.66666666667	56.7207	3600.0	43.97	power	0.1	6	37
7	3	301.679373026	6	2	3	1.73333333333	56.7207	3600.0	44.35	power	0.1	6	37
8	3	307.834884882	6	3	3	1.73333333333	56.7207	3600.0	45.03	power	0.1	6	37
9	3	267.989933014	7	2	3	1.66666666667	56.7207	3600.0	44.15	power	0.1	6	37
10	3	270.802446127	6	2	3	1.73333333333	56.7207	3600.0	46.36	power	0.1	6	37
1	3	274.814072132	7	3	3	1.66666666667	56.7207	3600.0	43.97	power	0.1	6	38
2	3	257.66701293	6	2	3	1.73333333333	56.7207	3600.0	47.11	power	0.1	6	38
3	3	259.098623991	6	2	3	1.73333333333	56.7207	3600.0	44.35	power	0.1	6	38
4	3	280.416397095	7	3	3	1.66666666667	56.7207	3600.0	43.97	power	0.1	6	38
5	3	313.725502014	6	3	3	1.8	56.7207	3600.0	43.9	power	0.1	6	38
6	3	280.791970015	6	3	3	1.8	56.7207	3600.0	43.4	power	0.1	6	38
7	3	291.033102989	7	3	3	1.66666666667	56.7207	3600.0	43.97	power	0.1	6	38
8	3	276.086091995	6	2	3	1.73333333333	56.7207	3600.0	46.6	power	0.1	6	38
9	3	235.817429066	6	2	3	1.73333333333	56.7207	3600.0	46.36	power	0.1	6	38
10	3	243.016571999	6	2	3	1.73333333333	56.7207	3600.0	46.36	power	0.1	6	38
1	3	271.725667	7	2	3	1.66666666667	56.7207	3600.0	44.15	power	0.1	6	39
2	3	318.015556812	7	3	3	1.66666666667	56.7207	3600.0	42.12	power	0.1	6	39
3	3	268.371621132	6	2	3	1.73333333333	56.7207	3600.0	46.6	power	0.1	6	39
4	3	350.721009016	6	3	3	1.8	56.7207	3600.0	42.11	power	0.1	6	39
5	3	283.519701958	7	3	3	1.66666666667	56.7207	3600.0	43.23	power	0.1	6	39
6	3	287.336538076	6	3	3	1.73333333333	56.7207	3600.0	45.65	power	0.1	6	39
7	3	265.523376942	6	2	3	1.73333333333	56.7207	3600.0	46.36	power	0.1	6	39
8	3	363.659837008	7	3	3	1.66666666667	56.7207	3600.0	43.23	power	0.1	6	39
9	3	306.700320005	7	3	3	1.66666666667	56.7207	3600.0	42.33	power	0.1	6	39
10	3	298.889997959	6	3	3	1.8	56.7207	3600.0	42.77	power	0.1	6	39
1	3	306.727061033	7	3	3	1.66666666667	56.7207	3600.0	44.49	power	0.1	6	40
2	3	367.180150032	7	2	3	1.66666666667	56.7207	3600.0	45.48	power	0.1	6	40
3	3	292.275068998	7	3	3	1.66666666667	56.7207	3600.0	42.12	power	0.1	6	40
4	3	323.522562981	6	3	3	1.73333333333	56.7207	3600.0	42.62	power	0.1	6	40
5	3	300.143649817	6	3	3	1.8	56.7207	3600.0	43.68	power	0.1	6	40
6	3	286.833564043	7	3	3	1.66666666667	56.7207	3600.0	42.12	power	0.1	6	40
7	3	293.473550081	7	3	3	1.66666666667	56.7207	3600.0	44.16	power	0.1	6	40
8	3	318.529325008	6	3	3	1.73333333333	56.7207	3600.0	45.16	power	0.1	6	40
9	3	288.29103303	6	2	3	1.73333333333	56.7207	3600.0	47.11	power	0.1	6	40
10	3	323.243965149	7	3	3	1.66666666667	56.7207	3600.0	43.23	power	0.1	6	40
1	2	278.279843092	6	2	3	1.73333333333	56.7207	3600.0	47.11	power	0.1	6	17
2	2	261.167345047	6	3	3	1.73333333333	56.7207	3600.0	45.03	power	0.1	6	17
3	2	297.47705102	6	2	3	1.73333333333	56.7207	3600.0	46.36	power	0.1	6	17
4	2	345.862718821	6	3	3	1.73333333333	56.7207	3600.0	45.03	power	0.1	6	17
5	2	237.966109991	6	2	3	1.73333333333	56.7207	3600.0	44.35	power	0.1	6	17
6	2	260.432952881	6	2	3	1.73333333333	56.7207	3600.0	47.11	power	0.1	6	17
7	2	254.665820122	6	3	3	1.73333333333	56.7207	3600.0	45.03	power	0.1	6	17
8	2	266.094125032	7	3	3	1.66666666667	56.7207	3600.0	42.33	power	0.1	6	17
9	2	236.972857952	6	2	3	1.8	56.7207	3600.0	44.04	power	0.1	6	17
10	2	294.292720079	7	3	3	1.66666666667	56.7207	3600.0	44.16	power	0.1	6	17
1	2	297.437580109	7	3	3	1.66666666667	56.7207	3600.0	44.16	power	0.1	6	18
2	2	301.698912859	6	2	3	1.73333333333	56.7207	3600.0	46.6	power	0.1	6	18
3	2	253.895400047	6	3	3	1.73333333333	56.7207	3600.0	45.65	power	0.1	6	18
4	2	310.014058113	6	3	3	1.73333333333	56.7207	3600.0	42.62	power	0.1	6	18
5	2	229.949533939	6	3	3	1.73333333333	56.7207	3600.0	45.65	power	0.1	6	18
6	2	317.25878191	6	2	3	1.73333333333	56.7207	3600.0	47.11	power	0.1	6	18
7	2	267.466601133	6	3	3	1.73333333333	56.7207	3600.0	45.03	power	0.1	6	18
8	2	327.720288038	6	2	3	1.73333333333	56.7207	3600.0	47.11	power	0.1	6	18
9	2	333.78847909	6	2	3	1.73333333333	56.7207	3600.0	44.35	power	0.1	6	18
10	2	330.402157068	6	2	3	1.73333333333	56.7207	3600.0	46.36	power	0.1	6	18
1	2	309.483478069	7	3	3	1.66666666667	56.7207	3600.0	44.16	power	0.1	6	19
2	2	260.461696863	6	3	3	1.73333333333	56.7207	3600.0	45.03	power	0.1	6	19
3	2	351.151037931	6	3	3	1.73333333333	56.7207	3600.0	45.03	power	0.1	6	19
4	2	257.640470028	6	3	3	1.73333333333	56.7207	3600.0	45.16	power	0.1	6	19
5	2	254.822165012	6	3	3	1.73333333333	56.7207	3600.0	45.65	power	0.1	6	19
6	2	293.592245102	5	3	3	1.86666666667	56.7207	3600.0	44.98	power	0.1	6	19
7	2	401.68701911	6	3	3	1.73333333333	56.7207	3600.0	45.16	power	0.1	6	19
8	2	376.31259799	6	3	3	1.73333333333	56.7207	3600.0	42.62	power	0.1	6	19
9	2	322.675369978	6	3	3	1.73333333333	56.7207	3600.0	45.16	power	0.1	6	19
10	2	333.152314901	6	3	3	1.8	56.7207	3600.0	44.11	power	0.1	6	19
1	2	347.09403801	6	2	3	1.73333333333	56.7207	3600.0	44.35	power	0.1	6	20
2	2	332.958302975	6	2	3	1.73333333333	56.7207	3600.0	44.35	power	0.1	6	20
3	2	286.232973099	6	2	3	1.73333333333	56.7207	3600.0	46.6	power	0.1	6	20
4	2	348.31040287	7	3	3	1.66666666667	56.7207	3600.0	42.33	power	0.1	6	20
5	2	350.38363409	7	3	3	1.66666666667	56.7207	3600.0	44.16	power	0.1	6	20
6	2	395.342681885	6	3	3	1.73333333333	56.7207	3600.0	45.65	power	0.1	6	20
7	2	276.40754509	7	2	3	1.66666666667	56.7207	3600.0	44.15	power	0.1	6	20
8	2	301.926012039	7	3	3	1.66666666667	56.7207	3600.0	44.49	power	0.1	6	20
9	2	322.088624954	7	3	3	1.66666666667	56.7207	3600.0	44.49	power	0.1	6	20
10	2	283.895261049	6	2	3	1.73333333333	56.7207	3600.0	47.11	power	0.1	6	20
1	2	330.577749968	6	2	3	1.73333333333	56.7207	3600.0	47.11	power	0.1	6	21
2	2	371.810449839	6	2	3	1.73333333333	56.7207	3600.0	46.36	power	0.1	6	21
3	2	330.366769075	6	2	3	1.73333333333	56.7207	3600.0	44.35	power	0.1	6	21
4	2	268.361690044	6	2	3	1.73333333333	56.7207	3600.0	47.11	power	0.1	6	21
5	2	349.862627983	6	2	3	1.73333333333	56.7207	3600.0	46.6	power	0.1	6	21
6	2	365.898746967	6	3	3	1.73333333333	56.7207	3600.0	45.16	power	0.1	6	21
7	2	454.332347155	6	3	3	1.73333333333	56.7207	3600.0	45.03	power	0.1	6	21
8	2	398.919328928	6	3	3	1.73333333333	56.7207	3600.0	42.62	power	0.1	6	21
9	2	408.255357027	6	3	3	1.73333333333	56.7207	3600.0	45.16	power	0.1	6	21
10	2	288.481330156	7	3	3	1.66666666667	56.7207	3600.0	43.23	power	0.1	6	21
1	1	226.248755932	6	2	3	1.73333333333	56.7207	3600.0	46.36	power	0.1	6	10
2	1	209.5917418	6	3	3	1.73333333333	56.7207	3600.0	45.65	power	0.1	6	10
3	1	255.567168951	7	3	3	1.66666666667	56.7207	3600.0	42.33	power	0.1	6	10
4	1	248.131160975	6	3	3	1.73333333333	56.7207	3600.0	45.16	power	0.1	6	10
5	1	246.591042995	6	2	3	1.73333333333	56.7207	3600.0	47.11	power	0.1	6	10
6	1	227.822247982	7	3	3	1.66666666667	56.7207	3600.0	43.97	power	0.1	6	10
7	1	249.226662159	6	3	3	1.73333333333	56.7207	3600.0	45.03	power	0.1	6	10
8	1	208.487670898	6	3	3	1.73333333333	56.7207	3600.0	45.16	power	0.1	6	10
9	1	275.199835062	6	3	3	1.73333333333	56.7207	3600.0	42.62	power	0.1	6	10
10	1	226.041806936	6	2	3	1.73333333333	56.7207	3600.0	46.36	power	0.1	6	10
1	1	253.436547995	6	2	3	1.73333333333	56.7207	3600.0	46.6	power	0.1	6	11
2	1	232.844915867	6	3	3	1.73333333333	56.7207	3600.0	45.03	power	0.1	6	11
3	1	250.281188011	6	3	3	1.73333333333	56.7207	3600.0	42.62	power	0.1	6	11
4	1	256.130743027	6	3	3	1.73333333333	56.7207	3600.0	45.03	power	0.1	6	11
5	1	298.85353899	6	2	3	1.73333333333	56.7207	3600.0	47.11	power	0.1	6	11
6	1	255.808264971	6	2	3	1.73333333333	56.7207	3600.0	46.36	power	0.1	6	11
7	1	257.929424047	6	3	3	1.73333333333	56.7207	3600.0	45.03	power	0.1	6	11
8	1	227.952675819	6	2	3	1.73333333333	56.7207	3600.0	46.6	power	0.1	6	11
9	1	232.625918865	6	3	3	1.73333333333	56.7207	3600.0	45.65	power	0.1	6	11
10	1	259.66031599	6	3	3	1.73333333333	56.7207	3600.0	42.62	power	0.1	6	11
1	1	366.922188044	6	3	3	1.73333333333	56.7207	3600.0	45.16	power	0.1	6	12
2	1	252.92592001	6	3	3	1.73333333333	56.7207	3600.0	42.62	power	0.1	6	12
3	1	327.838742018	6	2	3	1.73333333333	56.7207	3600.0	46.36	power	0.1	6	12
4	1	251.385360956	6	3	3	1.73333333333	56.7207	3600.0	45.03	power	0.1	6	12
5	1	276.009876013	6	2	3	1.73333333333	56.7207	3600.0	46.36	power	0.1	6	12
6	1	256.822286844	6	3	3	1.73333333333	56.7207	3600.0	42.62	power	0.1	6	12
7	1	301.742851973	6	2	3	1.73333333333	56.7207	3600.0	46.6	power	0.1	6	12
8	1	232.700723886	6	2	3	1.73333333333	56.7207	3600.0	46.36	power	0.1	6	12
9	1	325.449115992	6	3	3	1.73333333333	56.7207	3600.0	45.03	power	0.1	6	12
10	1	259.004251003	6	3	3	1.73333333333	56.7207	3600.0	45.65	power	0.1	6	12
1	1	376.090194941	6	3	3	1.73333333333	56.7207	3600.0	45.65	power	0.1	6	13
2	1	280.109549999	6	3	3	1.73333333333	56.7207	3600.0	45.03	power	0.1	6	13
3	1	279.932240963	6	2	3	1.73333333333	56.7207	3600.0	44.35	power	0.1	6	13
4	1	364.600561142	6	3	3	1.73333333333	56.7207	3600.0	45.16	power	0.1	6	13
5	1	351.81376195	6	3	3	1.73333333333	56.7207	3600.0	45.65	power	0.1	6	13
6	1	368.053442955	6	3	3	1.73333333333	56.7207	3600.0	45.16	power	0.1	6	13
7	1	348.552940845	6	2	3	1.73333333333	56.7207	3600.0	46.36	power	0.1	6	13
8	1	237.524895906	6	2	3	1.73333333333	56.7207	3600.0	44.35	power	0.1	6	13
9	1	324.554429054	6	3	3	1.73333333333	56.7207	3600.0	45.03	power	0.1	6	13
10	1	278.351366043	6	2	3	1.73333333333	56.7207	3600.0	47.11	power	0.1	6	13
1	1	316.306262016	6	3	3	1.73333333333	56.7207	3600.0	45.03	power	0.1	6	14
2	1	289.831125021	6	3	3	1.73333333333	56.7207	3600.0	45.03	power	0.1	6	14
3	1	305.288064003	6	3	3	1.73333333333	56.7207	3600.0	45.03	power	0.1	6	14
4	1	326.762066841	6	2	3	1.73333333333	56.7207	3600.0	47.11	power	0.1	6	14
5	1	285.601166964	6	3	3	1.73333333333	56.7207	3600.0	45.03	power	0.1	6	14
6	1	286.668968916	6	3	3	1.73333333333	56.7207	3600.0	42.62	power	0.1	6	14
7	1	369.761118889	6	2	3	1.73333333333	56.7207	3600.0	46.36	power	0.1	6	14
8	1	280.631982088	6	2	3	1.73333333333	56.7207	3600.0	47.11	power	0.1	6	14
9	1	286.233409166	6	2	3	1.73333333333	56.7207	3600.0	46.36	power	0.1	6	14
10	1	300.580491066	6	2	3	1.73333333333	56.7207	3600.0	44.35	power	0.1	6	14
1	cradle	230.784904003	7	3	3	1.66666666667	56.7207	3600.0	42.33	power	0.1	6	34
2	cradle	241.626317978	7	3	3	1.66666666667	56.7207	3600.0	42.33	power	0.1	6	34
3	cradle	238.750769854	7	3	3	1.66666666667	56.7207	3600.0	42.33	power	0.1	6	34
4	cradle	255.435253859	7	3	3	1.66666666667	56.7207	3600.0	42.33	power	0.1	6	34
5	cradle	240.274172068	7	3	3	1.66666666667	56.7207	3600.0	42.33	power	0.1	6	34
6	cradle	229.912415028	7	3	3	1.66666666667	56.7207	3600.0	44.16	power	0.1	6	34
7	cradle	215.386389017	7	3	3	1.66666666667	56.7207	3600.0	42.33	power	0.1	6	34
8	cradle	219.131389856	7	3	3	1.66666666667	56.7207	3600.0	42.33	power	0.1	6	34
9	cradle	187.971935987	7	3	3	1.66666666667	56.7207	3600.0	42.33	power	0.1	6	34
10	cradle	265.290176153	7	3	3	1.66666666667	56.7207	3600.0	44.16	power	0.1	6	34
1	cradle	251.807291031	7	3	3	1.66666666667	56.7207	3600.0	44.16	power	0.1	6	35
2	cradle	254.752017021	7	3	3	1.66666666667	56.7207	3600.0	44.16	power	0.1	6	35
3	cradle	216.125509977	7	3	3	1.66666666667	56.7207	3600.0	42.33	power	0.1	6	35
4	cradle	239.009110928	7	3	3	1.66666666667	56.7207	3600.0	42.33	power	0.1	6	35
5	cradle	217.582239866	7	2	3	1.66666666667	56.7207	3600.0	41.71	power	0.1	6	35
6	cradle	233.51168704	7	3	3	1.66666666667	56.7207	3600.0	42.33	power	0.1	6	35
7	cradle	232.973013878	7	3	3	1.66666666667	56.7207	3600.0	44.16	power	0.1	6	35
8	cradle	241.586827993	7	3	3	1.66666666667	56.7207	3600.0	42.33	power	0.1	6	35
9	cradle	210.136726856	7	3	3	1.66666666667	56.7207	3600.0	44.16	power	0.1	6	35
10	cradle	257.232103109	7	2	3	1.66666666667	56.7207	3600.0	41.71	power	0.1	6	35
1	cradle	234.431730032	7	3	3	1.66666666667	56.7207	3600.0	42.33	power	0.1	6	36
2	cradle	218.98166585	7	3	3	1.66666666667	56.7207	3600.0	42.33	power	0.1	6	36
3	cradle	269.680258989	7	3	3	1.66666666667	56.7207	3600.0	42.33	power	0.1	6	36
4	cradle	256.11735487	7	3	3	1.66666666667	56.7207	3600.0	42.33	power	0.1	6	36
5	cradle	231.914432049	7	3	3	1.66666666667	56.7207	3600.0	44.16	power	0.1	6	36
6	cradle	258.38758707	7	3	3	1.66666666667	56.7207	3600.0	42.33	power	0.1	6	36
7	cradle	227.992048025	7	3	3	1.66666666667	56.7207	3600.0	44.16	power	0.1	6	36
8	cradle	216.190859079	7	3	3	1.66666666667	56.7207	3600.0	44.16	power	0.1	6	36
9	cradle	246.651272058	7	3	3	1.66666666667	56.7207	3600.0	44.16	power	0.1	6	36
10	cradle	240.890562057	7	3	3	1.66666666667	56.7207	3600.0	42.33	power	0.1	6	36
1	cradle	244.998319149	7	3	3	1.66666666667	56.7207	3600.0	44.16	power	0.1	6	37
2	cradle	241.16092205	7	3	3	1.66666666667	56.7207	3600.0	44.16	power	0.1	6	37
3	cradle	265.223923922	7	3	3	1.66666666667	56.7207	3600.0	44.16	power	0.1	6	37
4	cradle	262.629705191	7	3	3	1.66666666667	56.7207	3600.0	44.16	power	0.1	6	37
5	cradle	239.232045889	7	3	3	1.66666666667	56.7207	3600.0	44.16	power	0.1	6	37
6	cradle	244.786815166	7	3	3	1.66666666667	56.7207	3600.0	44.16	power	0.1	6	37
7	cradle	245.344213963	7	3	3	1.66666666667	56.7207	3600.0	42.33	power	0.1	6	37
8	cradle	243.213568926	7	3	3	1.66666666667	56.7207	3600.0	42.33	power	0.1	6	37
9	cradle	235.731338024	7	3	3	1.66666666667	56.7207	3600.0	42.33	power	0.1	6	37
10	cradle	243.305170059	7	3	3	1.66666666667	56.7207	3600.0	42.33	power	0.1	6	37
1	cradle	262.020351171	7	3	3	1.66666666667	56.7207	3600.0	42.33	power	0.1	6	38
2	cradle	251.385036945	7	3	3	1.66666666667	56.7207	3600.0	42.33	power	0.1	6	38
3	cradle	267.816003084	7	3	3	1.66666666667	56.7207	3600.0	44.16	power	0.1	6	38
4	cradle	260.01341486	7	3	3	1.66666666667	56.7207	3600.0	44.16	power	0.1	6	38
5	cradle	255.727099895	7	3	3	1.66666666667	56.7207	3600.0	44.16	power	0.1	6	38
6	cradle	257.809921026	7	3	3	1.66666666667	56.7207	3600.0	44.16	power	0.1	6	38
7	cradle	279.744347095	7	3	3	1.66666666667	56.7207	3600.0	44.16	power	0.1	6	38
8	cradle	231.199246883	7	3	3	1.66666666667	56.7207	3600.0	42.33	power	0.1	6	38
9	cradle	279.989012003	7	3	3	1.66666666667	56.7207	3600.0	44.16	power	0.1	6	38
10	cradle	236.676255941	7	3	3	1.66666666667	56.7207	3600.0	42.33	power	0.1	6	38
