trial	chips_added_at_a_time	execution_time	edges	levels	diameter	ASPL	power	frequency	tempurature	picked_by	overlap	numchips	candidates
1	3	1042.54392099	10	3	4	2.22222222222	41.9991	3200.0	45.57	power	0.2	9	22
2	3	1466.33674502	9	3	6	2.66666666667	56.7207	3600.0	47.39	power	0.2	9	22
3	3	952.98584795	9	4	4	2.22222222222	56.7207	3600.0	48.64	power	0.2	9	22
4	3	1625.27294993	11	3	5	2.22222222222	56.7207	3600.0	49.49	power	0.2	9	22
5	3	929.241624117	11	3	4	2.11111111111	56.7207	3600.0	49.45	power	0.2	9	22
6	3	1267.22558904	11	3	5	2.16666666667	56.7207	3600.0	49.59	power	0.2	9	22
7	3	992.735785007	10	4	4	2.16666666667	56.7207	3600.0	47.7	power	0.2	9	22
8	3	996.699794054	11	4	4	2.05555555556	56.7207	3600.0	48.04	power	0.2	9	22
9	3	1396.31867409	11	3	4	2.11111111111	41.9991	3200.0	45.25	power	0.2	9	22
10	3	1186.71294284	9	2	4	2.22222222222	41.9991	3200.0	48.39	power	0.2	9	22
1	3	1417.87022901	11	3	4	2.11111111111	41.9991	3200.0	45.14	power	0.2	9	23
2	3	1246.53820109	11	2	4	2.11111111111	41.9991	3200.0	46.46	power	0.2	9	23
3	3	1490.068609	11	3	4	2.05555555556	41.9991	3200.0	47.4	power	0.2	9	23
4	3	1331.69242191	10	3	4	2.22222222222	41.9991	3200.0	44.85	power	0.2	9	23
5	3	1396.32648611	10	4	5	2.22222222222	56.7207	3600.0	49.05	power	0.2	9	23
6	3	1582.35553598	11	3	4	2.05555555556	41.9991	3200.0	46.39	power	0.2	9	23
7	3	1059.22690105	10	3	4	2.16666666667	56.7207	3600.0	49.51	power	0.2	9	23
8	3	1118.18393302	11	3	4	2.05555555556	41.9991	3200.0	45.51	power	0.2	9	23
9	3	964.495614052	11	3	4	2.05555555556	56.7207	3600.0	49.7	power	0.2	9	23
10	3	1493.92122316	10	3	6	2.44444444444	56.7207	3600.0	48.86	power	0.2	9	23
1	cradle	1992.38422608	10	3	6	2.55555555556	56.7207	3600.0	45.69	power	0.2	9	32
2	cradle	1153.06973314	12	3	4	2.0	56.7207	3600.0	49.02	power	0.2	9	32
3	cradle	1375.05486798	10	4	6	2.55555555556	56.7207	3600.0	47.94	power	0.2	9	32
4	cradle	1021.6075542	12	3	4	2.0	56.7207	3600.0	49.25	power	0.2	9	32
5	cradle	1144.63045788	12	4	4	2.0	56.7207	3600.0	47.48	power	0.2	9	32
6	cradle	1289.17113686	12	4	4	2.0	56.7207	3600.0	49.8	power	0.2	9	32
7	cradle	1092.63994002	12	3	4	2.0	56.7207	3600.0	49.02	power	0.2	9	32
8	cradle	1070.93360519	12	3	4	2.0	56.7207	3600.0	49.02	power	0.2	9	32
9	cradle	1137.06120801	12	3	4	2.0	56.7207	3600.0	49.02	power	0.2	9	32
10	cradle	1233.36493301	12	3	4	2.0	56.7207	3600.0	49.02	power	0.2	9	32
1	cradle	282.924002886	7	3	3	1.66666666667	56.7207	3600.0	46.77	power	0.2	6	45
2	cradle	295.304405928	7	3	3	1.66666666667	56.7207	3600.0	46.77	power	0.2	6	45
3	cradle	286.453644037	7	3	3	1.66666666667	56.7207	3600.0	45.29	power	0.2	6	45
4	cradle	292.851407766	7	3	3	1.66666666667	56.7207	3600.0	45.29	power	0.2	6	45
5	cradle	273.483339071	7	3	3	1.66666666667	56.7207	3600.0	46.77	power	0.2	6	45
6	cradle	307.79632616	7	3	3	1.66666666667	56.7207	3600.0	45.29	power	0.2	6	45
7	cradle	286.636880875	7	3	3	1.66666666667	56.7207	3600.0	46.77	power	0.2	6	45
8	cradle	299.560684919	7	3	3	1.66666666667	56.7207	3600.0	45.29	power	0.2	6	45
9	cradle	291.568974018	7	3	3	1.66666666667	56.7207	3600.0	46.77	power	0.2	6	45
10	cradle	310.767621994	7	3	3	1.66666666667	56.7207	3600.0	45.29	power	0.2	6	45
1	cradle	311.481902122	7	3	3	1.66666666667	56.7207	3600.0	45.29	power	0.2	6	46
2	cradle	269.79300189	7	3	3	1.66666666667	56.7207	3600.0	46.77	power	0.2	6	46
3	cradle	312.957515001	7	3	3	1.66666666667	56.7207	3600.0	45.29	power	0.2	6	46
4	cradle	290.296076059	7	3	3	1.66666666667	56.7207	3600.0	45.29	power	0.2	6	46
5	cradle	285.188369036	7	3	3	1.66666666667	56.7207	3600.0	45.29	power	0.2	6	46
6	cradle	295.322421074	7	3	3	1.66666666667	56.7207	3600.0	46.77	power	0.2	6	46
7	cradle	335.743506908	7	3	3	1.66666666667	56.7207	3600.0	46.77	power	0.2	6	46
8	cradle	310.912781	7	3	3	1.66666666667	56.7207	3600.0	46.77	power	0.2	6	46
9	cradle	307.274035931	7	3	3	1.66666666667	56.7207	3600.0	46.77	power	0.2	6	46
10	cradle	354.863375187	7	3	3	1.66666666667	56.7207	3600.0	45.29	power	0.2	6	46
1	3	915.953146935	12	3	4	2.0	56.7207	3600.0	48.6	power	0.1	9	41
2	3	1615.36471486	12	3	4	2.0	56.7207	3600.0	48.77	power	0.1	9	41
3	3	1005.96833301	11	3	4	2.11111111111	56.7207	3600.0	48.05	power	0.1	9	41
4	3	1087.91112113	12	4	4	2.0	56.7207	3600.0	47.74	power	0.1	9	41
5	3	1107.27591395	11	3	4	2.11111111111	56.7207	3600.0	46.93	power	0.1	9	41
6	3	1139.42880082	11	3	4	2.11111111111	56.7207	3600.0	47.28	power	0.1	9	41
7	3	693.696540117	11	3	4	2.05555555556	56.7207	3600.0	48.66	power	0.1	9	41
8	3	858.816925049	11	3	4	2.05555555556	56.7207	3600.0	49.7	power	0.1	9	41
9	3	1042.4977951	12	3	4	2.0	56.7207	3600.0	48.77	power	0.1	9	41
10	3	1056.21355391	12	2	4	2.0	56.7207	3600.0	49.98	power	0.1	9	41
1	3	1095.54006195	11	3	4	2.05555555556	56.7207	3600.0	46.76	power	0.1	9	42
2	3	1140.43222308	11	4	4	2.05555555556	56.7207	3600.0	48.38	power	0.1	9	42
3	3	883.767627001	11	3	4	2.05555555556	56.7207	3600.0	47.88	power	0.1	9	42
4	3	703.511432886	11	3	4	2.11111111111	56.7207	3600.0	48.91	power	0.1	9	42
5	3	997.143058062	12	3	4	2.0	56.7207	3600.0	48.55	power	0.1	9	42
6	3	989.162817001	11	3	4	2.05555555556	56.7207	3600.0	49.59	power	0.1	9	42
7	3	981.30961895	11	3	4	2.05555555556	56.7207	3600.0	47.28	power	0.1	9	42
8	3	1279.19885015	12	3	4	2.0	56.7207	3600.0	48.81	power	0.1	9	42
9	3	1151.34059501	11	3	4	2.11111111111	56.7207	3600.0	46.99	power	0.1	9	42
10	3	1146.89355016	11	3	4	2.11111111111	56.7207	3600.0	48.86	power	0.1	9	42
1	3	1347.85877299	11	3	4	2.05555555556	56.7207	3600.0	49.26	power	0.1	9	43
2	3	976.893396139	10	4	4	2.11111111111	56.7207	3600.0	45.33	power	0.1	9	43
3	3	1242.15061212	11	2	4	2.05555555556	56.7207	3600.0	49.59	power	0.1	9	43
4	3	1143.81739998	9	3	4	2.27777777778	56.7207	3600.0	48.27	power	0.1	9	43
5	3	811.62632513	11	4	4	2.05555555556	56.7207	3600.0	45.55	power	0.1	9	43
6	3	1437.31969905	11	3	4	2.05555555556	56.7207	3600.0	49.51	power	0.1	9	43
7	3	1338.46614099	12	4	4	2.0	56.7207	3600.0	47.74	power	0.1	9	43
8	3	1335.14248109	11	4	4	2.05555555556	56.7207	3600.0	47.6	power	0.1	9	43
9	3	1451.58618903	12	3	4	2.0	56.7207	3600.0	48.54	power	0.1	9	43
10	3	1051.43588495	11	4	4	2.05555555556	56.7207	3600.0	47.6	power	0.1	9	43
1	3	768.894109964	11	3	4	2.11111111111	56.7207	3600.0	49.0	power	0.1	9	44
2	3	905.059715033	12	3	4	2.0	56.7207	3600.0	48.51	power	0.1	9	44
3	3	1552.90211582	11	3	4	2.05555555556	56.7207	3600.0	49.28	power	0.1	9	44
4	3	947.356497049	11	3	4	2.05555555556	56.7207	3600.0	49.55	power	0.1	9	44
5	3	1338.92878509	12	3	4	2.0	56.7207	3600.0	48.99	power	0.1	9	44
6	3	1499.7821219	12	3	4	2.0	56.7207	3600.0	48.61	power	0.1	9	44
7	3	1056.95679307	11	2	4	2.11111111111	56.7207	3600.0	49.66	power	0.1	9	44
8	3	1268.86911702	12	3	4	2.0	56.7207	3600.0	48.6	power	0.1	9	44
9	3	885.344610929	12	3	4	2.0	56.7207	3600.0	48.99	power	0.1	9	44
10	3	950.306416035	12	3	4	2.0	56.7207	3600.0	48.92	power	0.1	9	44
1	3	1130.15546489	11	3	4	2.11111111111	56.7207	3600.0	47.54	power	0.1	9	45
2	3	1361.61521006	12	3	4	2.0	56.7207	3600.0	48.55	power	0.1	9	45
3	3	1106.80921698	11	4	4	2.11111111111	56.7207	3600.0	46.59	power	0.1	9	45
4	3	1312.01771688	11	3	4	2.05555555556	56.7207	3600.0	48.93	power	0.1	9	45
5	3	988.260931015	11	2	4	2.11111111111	56.7207	3600.0	49.9	power	0.1	9	45
6	3	1374.58235002	11	3	4	2.05555555556	56.7207	3600.0	49.59	power	0.1	9	45
7	3	1093.02857208	12	3	4	2.0	56.7207	3600.0	48.96	power	0.1	9	45
8	3	1167.55004311	11	3	4	2.05555555556	56.7207	3600.0	48.71	power	0.1	9	45
9	3	1365.69500089	11	3	4	2.05555555556	56.7207	3600.0	49.02	power	0.1	9	45
10	3	756.069868803	11	3	4	2.05555555556	56.7207	3600.0	49.15	power	0.1	9	45
1	2	982.407882214	12	3	4	2.0	56.7207	3600.0	48.55	power	0.1	9	26
2	2	901.668575048	12	3	4	2.0	56.7207	3600.0	48.61	power	0.1	9	26
3	2	782.702671051	11	2	4	2.05555555556	56.7207	3600.0	49.59	power	0.1	9	26
4	2	1173.97856498	10	3	4	2.16666666667	56.7207	3600.0	48.34	power	0.1	9	26
5	2	1073.45368814	11	2	4	2.11111111111	56.7207	3600.0	49.48	power	0.1	9	26
6	2	1157.31462812	11	3	4	2.05555555556	56.7207	3600.0	49.02	power	0.1	9	26
7	2	882.103101015	12	3	4	2.0	56.7207	3600.0	48.78	power	0.1	9	26
8	2	775.722884893	11	3	4	2.11111111111	56.7207	3600.0	48.95	power	0.1	9	26
9	2	1039.42615199	12	3	4	2.0	56.7207	3600.0	48.61	power	0.1	9	26
10	2	1034.27463913	12	3	4	2.0	56.7207	3600.0	48.56	power	0.1	9	26
1	2	800.532579899	12	3	4	2.0	56.7207	3600.0	48.81	power	0.1	9	27
2	2	1073.28918099	12	3	4	2.0	56.7207	3600.0	48.7	power	0.1	9	27
3	2	1226.99665594	11	3	4	2.05555555556	56.7207	3600.0	48.13	power	0.1	9	27
4	2	828.493271112	11	3	4	2.05555555556	56.7207	3600.0	48.71	power	0.1	9	27
5	2	1377.35459805	11	3	4	2.11111111111	56.7207	3600.0	48.68	power	0.1	9	27
6	2	816.993020058	11	3	4	2.05555555556	56.7207	3600.0	46.76	power	0.1	9	27
7	2	1049.71569419	10	4	4	2.16666666667	56.7207	3600.0	46.08	power	0.1	9	27
8	2	1152.67937398	12	3	4	2.0	56.7207	3600.0	48.72	power	0.1	9	27
9	2	962.315364838	11	3	4	2.05555555556	56.7207	3600.0	49.92	power	0.1	9	27
10	2	1231.81303096	11	3	4	2.05555555556	56.7207	3600.0	47.79	power	0.1	9	27
1	2	1398.79731417	12	3	4	2.0	56.7207	3600.0	48.92	power	0.1	9	28
2	2	1373.41580391	10	3	4	2.11111111111	56.7207	3600.0	48.77	power	0.1	9	28
3	2	1086.61283493	12	3	4	2.0	56.7207	3600.0	48.55	power	0.1	9	28
4	2	925.590260983	11	3	4	2.05555555556	56.7207	3600.0	49.5	power	0.1	9	28
5	2	1560.036412	11	3	4	2.11111111111	56.7207	3600.0	48.65	power	0.1	9	28
6	2	1136.07618904	12	3	4	2.0	56.7207	3600.0	48.99	power	0.1	9	28
7	2	874.501173973	11	2	4	2.05555555556	56.7207	3600.0	48.03	power	0.1	9	28
8	2	1414.71805096	12	3	4	2.0	56.7207	3600.0	48.56	power	0.1	9	28
9	2	1183.36279202	12	3	4	2.0	56.7207	3600.0	48.6	power	0.1	9	28
10	2	1217.94566512	12	3	4	2.0	56.7207	3600.0	48.75	power	0.1	9	28
1	2	1074.75373793	12	3	4	2.0	56.7207	3600.0	48.55	power	0.1	9	29
2	2	1078.7678721	11	3	4	2.05555555556	56.7207	3600.0	49.04	power	0.1	9	29
3	2	1688.60744119	11	3	4	2.05555555556	56.7207	3600.0	49.55	power	0.1	9	29
4	2	1631.59259915	11	3	4	2.05555555556	56.7207	3600.0	49.74	power	0.1	9	29
5	2	1043.69558501	11	3	4	2.05555555556	56.7207	3600.0	48.81	power	0.1	9	29
6	2	898.455705881	12	3	4	2.0	56.7207	3600.0	48.81	power	0.1	9	29
7	2	1364.81847286	10	2	5	2.27777777778	56.7207	3600.0	49.12	power	0.1	9	29
8	2	1017.47699094	12	3	4	2.0	56.7207	3600.0	48.54	power	0.1	9	29
9	2	1495.81460381	11	3	4	2.05555555556	56.7207	3600.0	48.51	power	0.1	9	29
10	2	998.211771965	12	3	4	2.0	56.7207	3600.0	48.7	power	0.1	9	29
1	2	1292.28090596	11	4	5	2.16666666667	56.7207	3600.0	48.13	power	0.1	9	30
2	2	1193.1228869	11	3	4	2.11111111111	56.7207	3600.0	46.99	power	0.1	9	30
3	2	1291.98102903	11	3	4	2.05555555556	56.7207	3600.0	48.74	power	0.1	9	30
4	2	905.530031919	11	3	4	2.05555555556	56.7207	3600.0	48.68	power	0.1	9	30
5	2	1341.14963698	12	3	4	2.0	56.7207	3600.0	48.55	power	0.1	9	30
6	2	1408.75260997	11	3	4	2.11111111111	56.7207	3600.0	48.22	power	0.1	9	30
7	2	1470.45550394	11	3	4	2.05555555556	56.7207	3600.0	49.57	power	0.1	9	30
8	2	1268.16529703	12	3	4	2.0	56.7207	3600.0	48.75	power	0.1	9	30
9	2	1217.64011884	11	3	4	2.05555555556	56.7207	3600.0	48.74	power	0.1	9	30
10	2	989.308362007	12	3	4	2.0	56.7207	3600.0	48.7	power	0.1	9	30
1	1	806.720078945	11	2	4	2.05555555556	56.7207	3600.0	48.03	power	0.1	9	15
2	1	962.049057961	11	3	4	2.05555555556	56.7207	3600.0	47.34	power	0.1	9	15
3	1	1197.82548809	11	3	4	2.05555555556	56.7207	3600.0	49.94	power	0.1	9	15
4	1	1201.34373093	10	3	4	2.11111111111	56.7207	3600.0	47.17	power	0.1	9	15
5	1	1656.55474401	11	3	4	2.05555555556	56.7207	3600.0	48.07	power	0.1	9	15
6	1	1225.94173598	11	3	4	2.05555555556	56.7207	3600.0	47.45	power	0.1	9	15
7	1	1014.69748092	11	2	4	2.05555555556	56.7207	3600.0	49.59	power	0.1	9	15
8	1	1396.78748989	11	3	4	2.05555555556	56.7207	3600.0	47.14	power	0.1	9	15
9	1	1258.36802101	11	3	4	2.05555555556	56.7207	3600.0	47.45	power	0.1	9	15
10	1	1471.50159502	11	3	4	2.05555555556	56.7207	3600.0	47.9	power	0.1	9	15
1	cradle	992.328119993	12	3	4	2.0	56.7207	3600.0	48.99	power	0.1	9	61
2	cradle	8033.73649716	0	0	0	0	0	0	0	power	0.1	9	61
3	cradle	1256.1445539	12	4	4	2.0	56.7207	3600.0	46.97	power	0.1	9	61
4	cradle	982.812680006	12	3	4	2.0	56.7207	3600.0	48.99	power	0.1	9	61
5	cradle	986.578209877	12	3	4	2.0	56.7207	3600.0	48.99	power	0.1	9	61
6	cradle	1082.15214896	12	3	4	2.0	56.7207	3600.0	48.99	power	0.1	9	61
7	cradle	10505.1730289	0	0	0	0	0	0	0	power	0.1	9	61
8	cradle	1051.42227697	12	3	4	2.0	56.7207	3600.0	46.71	power	0.1	9	61
9	cradle	1343.81444192	12	4	4	2.0	56.7207	3600.0	46.97	power	0.1	9	61
10	cradle	1033.89187384	12	3	4	2.0	56.7207	3600.0	48.99	power	0.1	9	61
1	cradle	1042.46688294	12	3	4	2.0	56.7207	3600.0	46.71	power	0.1	9	62
2	cradle	1304.15721107	12	3	4	2.0	56.7207	3600.0	48.99	power	0.1	9	62
3	cradle	814.045610905	12	2	4	2.0	56.7207	3600.0	45.16	power	0.1	9	62
4	cradle	1271.74551296	12	3	4	2.0	56.7207	3600.0	47.92	power	0.1	9	62
5	cradle	1071.83227706	12	4	4	2.0	56.7207	3600.0	45.04	power	0.1	9	62
6	cradle	1257.27783799	12	3	4	2.0	56.7207	3600.0	48.99	power	0.1	9	62
7	cradle	12770.1505311	0	0	0	0	0	0	0	power	0.1	9	62
8	cradle	1379.94552803	12	3	4	2.0	56.7207	3600.0	46.4	power	0.1	9	62
9	cradle	1418.06276488	12	3	4	2.0	56.7207	3600.0	48.99	power	0.1	9	62
10	cradle	1123.05833316	12	4	4	2.0	56.7207	3600.0	45.04	power	0.1	9	62
1	cradle	1036.15841103	12	3	4	2.0	56.7207	3600.0	46.05	power	0.1	9	63
2	cradle	1012.58218598	12	3	4	2.0	56.7207	3600.0	48.99	power	0.1	9	63
3	cradle	1070.7510879	12	3	4	2.0	56.7207	3600.0	46.71	power	0.1	9	63
4	cradle	1494.58904314	12	3	4	2.0	56.7207	3600.0	47.92	power	0.1	9	63
5	cradle	1429.08699894	12	3	4	2.0	56.7207	3600.0	48.99	power	0.1	9	63
6	cradle	1199.19787502	12	3	4	2.0	56.7207	3600.0	47.92	power	0.1	9	63
7	cradle	994.275068998	12	3	4	2.0	56.7207	3600.0	48.99	power	0.1	9	63
8	cradle	1013.96809506	12	3	4	2.0	56.7207	3600.0	48.99	power	0.1	9	63
9	cradle	1546.02775288	12	4	4	2.0	56.7207	3600.0	46.97	power	0.1	9	63
10	cradle	1007.743855	12	3	4	2.0	56.7207	3600.0	46.71	power	0.1	9	63
1	cradle	1278.337147	12	3	4	2.0	56.7207	3600.0	48.99	power	0.1	9	64
2	cradle	1062.46129012	12	4	4	2.0	56.7207	3600.0	45.04	power	0.1	9	64
3	cradle	1414.99455404	12	3	4	2.0	56.7207	3600.0	48.99	power	0.1	9	64
4	cradle	1501.48418593	12	3	4	2.0	56.7207	3600.0	48.99	power	0.1	9	64
5	cradle	18737.6203849	0	0	0	0	0	0	0	power	0.1	9	64
6	cradle	3413.65099096	0	0	0	0	0	0	0	power	0.1	9	64
7	cradle	1055.84148502	12	3	4	2.0	56.7207	3600.0	46.71	power	0.1	9	64
8	cradle	1069.31357408	12	4	4	2.0	56.7207	3600.0	45.04	power	0.1	9	64
9	cradle	1466.94119382	12	3	4	2.0	56.7207	3600.0	48.99	power	0.1	9	64
10	cradle	1188.75536084	12	3	4	2.0	56.7207	3600.0	48.99	power	0.1	9	64
1	cradle	1076.29841018	12	4	4	2.0	56.7207	3600.0	45.04	power	0.1	9	65
2	cradle	1188.06757116	12	3	4	2.0	56.7207	3600.0	47.92	power	0.1	9	65
3	cradle	1039.71617222	12	3	4	2.0	56.7207	3600.0	48.99	power	0.1	9	65
4	cradle	1417.89833903	12	4	4	2.0	56.7207	3600.0	46.97	power	0.1	9	65
5	cradle	1381.35801721	12	4	4	2.0	56.7207	3600.0	46.97	power	0.1	9	65
6	cradle	1168.39793706	12	4	4	2.0	56.7207	3600.0	45.04	power	0.1	9	65
7	cradle	3302.64995098	0	0	0	0	0	0	0	power	0.1	9	65
8	cradle	1583.81926394	12	3	4	2.0	56.7207	3600.0	48.99	power	0.1	9	65
9	cradle	1126.83599496	12	3	4	2.0	56.7207	3600.0	48.99	power	0.1	9	65
10	cradle	1207.20044208	12	3	4	2.0	56.7207	3600.0	48.99	power	0.1	9	65
1	cradle	288.982362032	7	3	3	1.66666666667	56.7207	3600.0	44.16	power	0.1	6	45
2	cradle	300.697664976	7	3	3	1.66666666667	56.7207	3600.0	42.33	power	0.1	6	45
3	cradle	299.082930088	7	3	3	1.66666666667	56.7207	3600.0	42.33	power	0.1	6	45
4	cradle	270.908469915	7	3	3	1.66666666667	56.7207	3600.0	44.16	power	0.1	6	45
5	cradle	297.848706007	7	3	3	1.66666666667	56.7207	3600.0	42.33	power	0.1	6	45
6	cradle	319.354688883	7	3	3	1.66666666667	56.7207	3600.0	44.16	power	0.1	6	45
7	cradle	285.573236942	7	3	3	1.66666666667	56.7207	3600.0	42.33	power	0.1	6	45
8	cradle	336.799708128	7	3	3	1.66666666667	56.7207	3600.0	44.16	power	0.1	6	45
9	cradle	274.875699997	7	3	3	1.66666666667	56.7207	3600.0	44.16	power	0.1	6	45
10	cradle	306.272302151	7	3	3	1.66666666667	56.7207	3600.0	42.33	power	0.1	6	45
1	cradle	294.346251011	7	3	3	1.66666666667	56.7207	3600.0	42.33	power	0.1	6	46
2	cradle	282.677662134	7	3	3	1.66666666667	56.7207	3600.0	44.16	power	0.1	6	46
3	cradle	297.205060959	7	3	3	1.66666666667	56.7207	3600.0	44.16	power	0.1	6	46
4	cradle	340.113282919	7	2	3	1.66666666667	56.7207	3600.0	41.71	power	0.1	6	46
5	cradle	293.821731091	7	3	3	1.66666666667	56.7207	3600.0	44.16	power	0.1	6	46
6	cradle	306.449641943	7	3	3	1.66666666667	56.7207	3600.0	42.33	power	0.1	6	46
7	cradle	318.970500946	7	3	3	1.66666666667	56.7207	3600.0	44.16	power	0.1	6	46
8	cradle	328.6151371	7	3	3	1.66666666667	56.7207	3600.0	42.33	power	0.1	6	46
9	cradle	318.550135851	7	3	3	1.66666666667	56.7207	3600.0	44.16	power	0.1	6	46
10	cradle	323.638631821	7	3	3	1.66666666667	56.7207	3600.0	42.33	power	0.1	6	46
