chips_added_at_a_time	execution_time	edges	levels	diameter	ASPL	power	frequency	tempurature	picked_by	overlap	numchips	candidates
3	277.829697585	5.2	3.1	3.9	2.04666666667	56.7207	3600.0	45.757	power	0.1	6	31
3	277.270304513	5.4	2.95	3.85	2.01666666667	56.7207	3600.0	45.9495	power	0.1	6	32
3	285.182342116	5.3	2.9	3.9	2.04888888889	56.7207	3600.0	45.9386666667	power	0.1	6	33
3	287.905883038	5.35	2.9	3.85	2.03166666667	56.7207	3600.0	46.03375	power	0.1	6	34
3	286.489537868	5.34	2.86	3.9	2.04133333333	56.7207	3600.0	46.0188	power	0.1	6	35
base3
layout_size = 6
candidates 35

2	253.48031249	5.3	3.2	4.0	2.05333333333	56.7207	3600.0	45.564	power	0.1	6	15
2	279.505047691	5.2	3.0	4.15	2.11	56.7207	3600.0	45.6135	power	0.1	6	16
2	272.344365533	5.16666666667	2.93333333333	4.16666666667	2.12222222222	56.7207	3600.0	45.963	power	0.1	6	17
2	274.38477782	5.25	2.9	4.025	2.08166666667	56.7207	3600.0	46.13325	power	0.1	6	18
2	277.153191867	5.34	2.88	3.9	2.04	56.7207	3600.0	46.2756	power	0.1	6	19
base3
layout_size = 6
candidates 19

1	253.805180407	5.5	2.5	3.6	1.96	56.7207	3600.0	47.398	power	0.1	6	12
1	272.814954257	5.5	2.7	3.75	1.97666666667	56.7207	3600.0	47.084	power	0.1	6	13
1	290.171814911	5.33333333333	2.8	3.86666666667	2.02888888889	56.7207	3600.0	46.6896666667	power	0.1	6	14
1	305.583492124	5.35	2.75	3.875	2.02666666667	56.7207	3600.0	46.64425	power	0.1	6	15
1	312.696167712	5.36	2.74	3.9	2.032	56.7207	3600.0	46.5604	power	0.1	6	16
base3
layout_size = 6
candidates 16

cradle	243.861642528	5.1	2.1	4.3	2.16666666666	56.7207	3600.0	45.194	power	0.1	6	30
cradle	250.481860602	5.4	2.45	4.15	2.09666666667	56.7207	3600.0	45.2995	power	0.1	6	31
cradle	250.85353926	5.53333333333	2.46666666667	4.16666666667	2.06888888889	56.7207	3600.0	45.5336666667	power	0.1	6	32
cradle	249.896202773	5.45	2.55	4.3	2.11333333333	56.7207	3600.0	45.18725	power	0.1	6	33
cradle	250.421023216	5.38	2.56	4.36	2.136	56.7207	3600.0	45.13	power	0.1	6	34
base3
layout_size = 6
candidates 34

3	276.445977974	5.5	2.8	3.6	1.97333333333	56.7207	3600.0	47.677	power	0.2	6	10
3	283.211563385	5.5	2.85	3.65	1.98	56.7207	3600.0	47.8825	power	0.2	6	11
3	288.903893463	5.46666666667	2.83333333333	3.66666666667	1.98444444444	56.7207	3600.0	48.0926666667	power	0.2	6	12
3	297.954196537	5.4	2.85	3.65	1.99	56.7207	3600.0	48.05975	power	0.2	6	13
3	307.84868032	5.36	2.92	3.72	2.008	56.7207	3600.0	47.8908	power	0.2	6	14
base3
layout_size = 6
candidates 14

2	291.784963703	5.2	3.1	4.1	2.11333333333	56.7207	3600.0	47.354	power	0.2	6	7
2	282.616732502	5.15	2.95	4.2	2.14	56.7207	3600.0	47.2705	power	0.2	6	8
2	286.44930474	5.2	3.03333333333	4.06666666667	2.10444444444	56.7207	3600.0	47.32	power	0.2	6	9
2	304.105058581	5.225	2.975	3.975	2.075	56.7207	3600.0	47.414	power	0.2	6	10
2	313.521086264	5.2	2.94	4.0	2.08133333333	56.7207	3600.0	47.4554	power	0.2	6	11
base3
layout_size = 6
candidates 11

1	298.165979648	5.3	3.0	4.2	2.08666666667	56.7207	3600.0	47.689	power	0.2	6	7
1	336.272623205	5.15	3.1	4.25	2.13666666667	55.98462	3580.0	47.0425	power	0.2	6	8
1	350.755397232	5.2	3.1	4.2	2.11555555555	56.22998	3586.66666667	46.9793333333	power	0.2	6	9
1	381.663375318	5.225	3.1	4.125	2.10333333333	56.35266	3590.0	47.072	power	0.2	6	10
1	396.270075159	5.34	3.06	4.06	2.07066666667	56.426268	3592.0	47.3112	power	0.2	6	11
base3
layout_size = 6
candidates 11

cradle	210.310763001	5.3	2.9	4.5	2.18	56.7207	3600.0	46.492	power	0.2	6	23
cradle	224.357931554	5.25	2.85	4.4	2.17333333333	56.7207	3600.0	46.811	power	0.2	6	24
cradle	232.142105635	5.16666666667	2.86666666667	4.53333333333	2.21333333333	56.7207	3600.0	46.5393333333	power	0.2	6	25
cradle	244.044811887	5.275	2.85	4.475	2.18833333333	56.7207	3600.0	46.5205	power	0.2	6	26
cradle	251.69322031	5.26	2.8	4.5	2.196	56.7207	3600.0	46.5164	power	0.2	6	27
base3
layout_size = 6
candidates 27

