raw output


trial 1	 add by 1	 ex time 85.0276908875	picked by power	overlap 0.2
----------- OPTIMIZATION RESULTS -----------------
Chip =  base3
Chip frequencies and power levels =  [(1200.0, 14.0099), (1400.0, 15.665), (1600.0, 17.1876), (1800.0, 19.2831), (2000.0, 20.7333), (2200.0, 21.9087), (2400.0, 25.7721), (2600.0, 29.08), (2800.0, 33.0215), (3000.0, 37.8684), (3200.0, 41.9991), (3400.0, 48.727), (3600.0, 56.7207)]
Layout = [[1, 0.19499999999999998, 0.19499999999999998], [2, 0.18781377674149943, 0.20218622325850052], [2, 0.20218622325850052, 0.20218622325850052], [2, 0.20218622325850052, 0.18781377674149943], [2, 0.18781377674149943, 0.18781377674149943], [1, 0.19499999999999998, 0.20937244651700107], [1, 0.20937244651700107, 0.19499999999999998], [1, 0.19499999999999998, 0.1806275534829989], [1, 0.1806275534829989, 0.19499999999999998], [1, 0.1806275534829989, 0.20937244651700107], [1, 0.20937244651700107, 0.20937244651700107], [1, 0.20937244651700107, 0.1806275534829989], [1, 0.1806275534829989, 0.1806275534829989], [2, 0.20218622325850052, 0.21655866977550162], [2, 0.21655866977550162, 0.18781377674149943], [2, 0.18781377674149943, 0.17344133022449834], [2, 0.17344133022449834, 0.20218622325850052], [2, 0.18781377674149943, 0.21655866977550162], [2, 0.21655866977550162, 0.20218622325850052], [2, 0.20218622325850052, 0.17344133022449834], [2, 0.17344133022449834, 0.18781377674149943]]
Topology =  [(0, 1), (0, 2), (0, 3), (0, 4), (1, 8), (1, 5), (1, 9), (2, 10), (2, 5), (2, 6), (3, 11), (3, 6), (3, 7), (4, 8), (4, 12), (4, 7), (5, 13), (5, 17), (6, 18), (6, 14), (7, 19), (7, 15), (8, 16), (8, 20), (9, 16), (9, 17), (10, 18), (10, 13), (11, 19), (11, 14), (12, 20), (12, 15)]
Number of edges =  32
Number of levels =  2
Diameter =  6
ASPL =  3.00952380952
Power budget =  460.0823
Power distribution = [21.9087, 21.9087, 21.9087, 21.9087, 21.9087, 21.9087, 21.9087, 21.9087, 21.9087, 21.9087, 21.9087, 21.9087, 21.9087, 21.9087, 21.9087, 21.9087, 21.9087, 21.9087, 21.9087, 21.9087, 21.9087]
Frequency distribution = [2200.0, 2200.0, 2200.0, 2200.0, 2200.0, 2200.0, 2200.0, 2200.0, 2200.0, 2200.0, 2200.0, 2200.0, 2200.0, 2200.0, 2200.0, 2200.0, 2200.0, 2200.0, 2200.0, 2200.0, 2200.0]
Temperature = 46.86


trial 1	 add by 1	 ex time 112.018571138	picked by power	overlap 0.1
----------- OPTIMIZATION RESULTS -----------------
Chip =  base3
Chip frequencies and power levels =  [(1200.0, 14.0099), (1400.0, 15.665), (1600.0, 17.1876), (1800.0, 19.2831), (2000.0, 20.7333), (2200.0, 21.9087), (2400.0, 25.7721), (2600.0, 29.08), (2800.0, 33.0215), (3000.0, 37.8684), (3200.0, 41.9991), (3400.0, 48.727), (3600.0, 56.7207)]
Layout = [[1, 0.19499999999999998, 0.19499999999999998], [2, 0.18611096095821889, 0.20388903904178107], [2, 0.20388903904178107, 0.20388903904178107], [2, 0.20388903904178107, 0.18611096095821889], [2, 0.18611096095821889, 0.18611096095821889], [1, 0.19499999999999998, 0.21277807808356217], [1, 0.21277807808356217, 0.19499999999999998], [1, 0.19499999999999998, 0.1772219219164378], [1, 0.1772219219164378, 0.19499999999999998], [1, 0.1772219219164378, 0.21277807808356217], [1, 0.21277807808356217, 0.21277807808356217], [1, 0.21277807808356217, 0.1772219219164378], [1, 0.1772219219164378, 0.1772219219164378], [2, 0.20388903904178107, 0.22166711712534326], [2, 0.22166711712534326, 0.18611096095821889], [2, 0.18611096095821889, 0.1683328828746567], [2, 0.1683328828746567, 0.20388903904178107], [2, 0.18611096095821889, 0.22166711712534326], [2, 0.22166711712534326, 0.20388903904178107], [2, 0.20388903904178107, 0.1683328828746567], [2, 0.1683328828746567, 0.18611096095821889]]
Topology =  [(0, 1), (0, 2), (0, 3), (0, 4), (1, 8), (1, 5), (1, 9), (2, 10), (2, 5), (2, 6), (3, 11), (3, 6), (3, 7), (4, 8), (4, 12), (4, 7), (5, 13), (5, 17), (6, 18), (6, 14), (7, 19), (7, 15), (8, 16), (8, 20), (9, 16), (9, 17), (10, 18), (10, 13), (11, 19), (11, 14), (12, 20), (12, 15)]
Number of edges =  32
Number of levels =  2
Diameter =  6
ASPL =  3.00952380952
Power budget =  541.2145
Power distribution = [25.7721, 25.7721, 25.7721, 25.7721, 25.7721, 25.7721, 25.7721, 25.7721, 25.7721, 25.7721, 25.7721, 25.7721, 25.7721, 25.7721, 25.7721, 25.7721, 25.7721, 25.7721, 25.7721, 25.7721, 25.7721]
Frequency distribution = [2400.0, 2400.0, 2400.0, 2400.0, 2400.0, 2400.0, 2400.0, 2400.0, 2400.0, 2400.0, 2400.0, 2400.0, 2400.0, 2400.0, 2400.0, 2400.0, 2400.0, 2400.0, 2400.0, 2400.0, 2400.0]
Temperature = 47.63

