Chip =  base3
Chip frequencies and power levels =  [(1200.0, 14.0099), (1400.0, 15.665),
(1600.0, 17.1876), (1800.0, 19.2831), (2000.0, 20.7333), (2200.0, 21.9087),
(2400.0, 25.7721), (2600.0, 29.08), (2800.0, 33.0215), (3000.0, 37.8684),
(3200.0, 41.9991), (3400.0, 48.727), (3600.0, 56.7207)]
Layout = [[2, 0.13, 0.1404], [1, 0.13718622325850055, 0.14758622325850054], [2,
0.1443724465170011, 0.1547724465170011], [2, 0.13, 0.1547724465170011], [2,
0.1443724465170011, 0.1404], [1, 0.13718622325850055, 0.13321377674149945], [1,
0.15155866977550164, 0.14758622325850054], [3, 0.12281377674149947,
0.14758622325850054], [3, 0.13718622325850055, 0.16195866977550163], [3,
0.15155866977550164, 0.13321377674149945], [3, 0.15155866977550164,
0.16195866977550163], [3, 0.12281377674149947, 0.13321377674149945], [1,
0.12281377674149947, 0.16195866977550163], [2, 0.1443724465170011,
0.1260275534829989], [2, 0.13, 0.1260275534829989], [2, 0.11562755348299893,
0.1404], [4, 0.11562755348299893, 0.1260275534829989], [2, 0.11562755348299893,
0.1547724465170011], [2, 0.13, 0.16914489303400218], [1, 0.10844133022449838,
0.14758622325850054], [2, 0.1443724465170011, 0.16914489303400218]]
Topology =  [(0, 1), (0, 11), (0, 5), (0, 7), (1, 2), (1, 3), (1, 4), (2, 8),
(2, 10), (2, 6), (3, 8), (3, 12), (3, 7), (4, 5), (4, 6), (4, 9), (5, 13), (5,
14), (7, 17), (7, 15), (8, 20), (8, 18), (9, 13), (10, 20), (11, 16), (11, 14),
(11, 15), (12, 17), (12, 18), (15, 19), (17, 19)]
Number of edges =  31
Number of levels =  4
Diameter =  6
ASPL =  3.05714285714
Power budget =  610.6792
Power distribution = [29.08, 29.08, 29.08, 29.08, 29.08, 29.08, 29.08, 29.08,
29.08, 29.08, 29.08, 29.08, 29.08, 29.08, 29.08, 29.08, 29.08, 29.08, 29.08,
29.08, 29.08]
Frequency distribution = [2600.0, 2600.0, 2600.0, 2600.0, 2600.0, 2600.0,
2600.0, 2600.0, 2600.0, 2600.0, 2600.0, 2600.0, 2600.0, 2600.0, 2600.0, 2600.0,
2600.0, 2600.0, 2600.0, 2600.0, 2600.0]
Temperature = 48.4

