#chip = base3
#overlap = .2
#power = ?

[[1, 0.12281377674149947, 0.14758622325850054], [3,
0.12281377674149947, 0.13321377674149945], [2, 0.13, 0.1404], [1,
0.13718622325850055, 0.14758622325850054], [3, 0.13718622325850055,
0.13321377674149945], [3, 0.13718622325850055, 0.14758622325850054], [1,
0.13718622325850055, 0.13321377674149945], [2, 0.1443724465170011,
0.1547724465170011], [4, 0.1443724465170011, 0.1404], [2, 0.1443724465170011,
0.1260275534829989], [2, 0.1443724465170011, 0.1404], [3, 0.15155866977550164,
0.13321377674149945], [5, 0.15155866977550164, 0.14758622325850054]]
