#freq = 3200	
#chip = base3
#overlap = .1

[
[2, 0.13, 0.1417], 
[1, 0.1388890390417811, 0.15058903904178111], 
[2, 0.14777807808356222, 0.1594780780835622], 
[2, 0.14777807808356222, 0.1417], 
[2, 0.12999999999999998, 0.15947807808356224], 
[3, 0.13888903904178113,0.13281096095821887], 
[1, 0.1211109609582189, 0.13281096095821887], 
[3,0.1211109609582189, 0.15058903904178111], 
[1, 0.1388890390417811, 0.16836711712534336], 
[3, 0.12111096095821887, 0.16836711712534336], 
[1,0.15666711712534334, 0.1505890390417811], 
[1, 0.15666711712534334, 0.13281096095821887],
[1, 0.15666711712534334, 0.16836711712534333]
]

