#chip = base3
#overlap = 0.2
#freq = 3200

[
[2, 0.13, 0.1404], 
[1, 0.13718622325850055, 0.14758622325850054], 
[2, 0.1443724465170011, 0.1547724465170011], 
[2, 0.13, 0.1547724465170011], 
[2, 0.1443724465170011, 0.1404], 
[3, 0.12281377674149947, 0.14758622325850054], 
[3, 0.13718622325850055, 0.16195866977550163], 
[1, 0.12281377674149947, 0.16195866977550163], 
[2, 0.13, 0.16914489303400218], 
[2, 0.11562755348299893, 0.1547724465170011], 
[2, 0.11562755348299893, 0.16914489303400218], 
[4, 0.11562755348299893, 0.1404], 
[4, 0.1443724465170011, 0.16914489303400218]
]

