chips_added_at_a_time	execution_time	edges	levels	diameter	ASPL	power	frequency	tempurature
9	255.548321104	12.5	4.0	6.1	2.93181818182	56.7207	3600.0	56.691
6	373.616127563	12.9	3.1	5.6	2.69696969697	56.7207	3600.0	58.95
3	565.442710972	12.9	3.6	5.3	2.67121212121	56.7207	3600.0	58.499
1	1693.62920547	13.2	4.3	5.3	2.72424242424	56.7207	3600.0	56.348
base3
layout_size = 12
candidates 15

6	230.034343195	8.6	3.6	4.6	2.47222222222	56.7207	3600.0	51.72
3	390.6553545	9.1	3.9	4.5	2.4	56.7207	3600.0	51.64
1	755.072654796	9.9	3.4	4.2	2.21111111111	56.7207	3600.0	51.927
base3
layout_size = 9
candidates 15

